0 0.985842 0.610556 0.0277824 0.188728
0 0.904349 0.61257 0.0507446 0.180659
0 0.847928 0.604755 0.0402645 0.181873
0 0.790072 0.612257 0.0514742 0.156287
0 0.183134 0.585343 0.0268386 0.0946528
0 0.753296 0.601392 0.0295708 0.148746
0 0.216381 0.579554 0.0236669 0.0952139
0 0.568259 0.597901 0.0359261 0.136767
0 0.157898 0.590386 0.0298176 0.096569
0 0.540192 0.586132 0.0320063 0.134333
0 0.603196 0.59658 0.0352989 0.133585
0 0.71395 0.602857 0.0474659 0.157286
0 0.633166 0.593976 0.0365222 0.142833
0 0.246238 0.588733 0.0298633 0.0913542
0 0.293077 0.58511 0.029952 0.108587
0 0.450985 0.597976 0.0351778 0.113175
0 0.343134 0.58699 0.0334892 0.110706
0 0.307746 0.593071 0.0348767 0.130312
0 0.670568 0.579286 0.0222137 0.0961442
