39 0.823586 0.582679 0.352828 0.768061
39 0.464115 0.614461 0.476795 0.499234
39 0.184195 0.508854 0.195455 0.378464
39 0.519023 0.330666 0.108387 0.0788331
72 0.499119 0.45246 0.998237 0.90181
39 0.573436 0.077622 0.0939474 0.154227
39 0.0605578 0.559676 0.121116 0.313036
39 0.353907 0.0980333 0.105186 0.156461
39 0.401235 0.342056 0.145164 0.0722374
39 0.240775 0.337628 0.0711187 0.087336
39 0.299022 0.354309 0.132419 0.0875344
39 0.0666242 0.438573 0.12887 0.264019
39 0.934336 0.326959 0.131329 0.233593
39 0.677206 0.0727446 0.149337 0.145489
