0 0.838791 0.528402 0.322236 0.922645
0 0.21398 0.679294 0.188822 0.624277
0 0.617595 0.617084 0.219289 0.718259
0 0.417244 0.707547 0.135334 0.567735
0 0.0563851 0.60592 0.11277 0.770533
0 0.589618 0.944237 0.073715 0.111526
0 0.662505 0.960578 0.0758552 0.0788446
0 0.355287 0.188779 0.0903399 0.18891
0 0.265437 0.256138 0.13068 0.269462
0 0.750819 0.248173 0.105252 0.260881
0 0.343763 0.601258 0.191532 0.709534
0 0.694835 0.335891 0.0823338 0.198072
0 0.666959 0.203063 0.0782295 0.140558
0 0.474164 0.563361 0.170302 0.819831
0 0.107545 0.0879129 0.117071 0.172976
0 0.138631 0.612595 0.129385 0.758475
