0 0.748833 0.636251 0.259531 0.707626
0 0.18882 0.626072 0.274567 0.725369
0 0.942181 0.738739 0.115036 0.50573
0 0.463836 0.626597 0.287935 0.719622
0 0.92776 0.474633 0.14373 0.327488
0 0.37949 0.390334 0.118038 0.357984
0 0.0724052 0.612458 0.143908 0.660831
0 0.774234 0.138731 0.0524421 0.271025
29 0.374105 0.80306 0.132608 0.187066
0 0.627364 0.527819 0.0663445 0.157812
0 0.0378953 0.416449 0.0757906 0.36356
26 0.140307 0.840646 0.143344 0.278351
0 0.357713 0.54706 0.0951907 0.225699
25 0.730074 0.384119 0.307778 0.220908
0 0.902437 0.754984 0.104572 0.475293
32 0.0187644 0.835781 0.0374881 0.1697
0 0.249328 0.284393 0.0789242 0.151844
0 0.341963 0.423856 0.145943 0.225416
