0 0.804323 0.675862 0.0777577 0.128674
0 0.348122 0.84639 0.0788437 0.132113
0 0.752352 0.842938 0.0785473 0.1387
0 0.349683 0.503801 0.0728391 0.128806
0 0.497739 0.333369 0.0758642 0.128451
0 0.651389 0.847252 0.0812162 0.13105
0 0.652107 0.501945 0.077143 0.130998
0 0.240602 0.844957 0.0652492 0.131871
0 0.702043 0.677491 0.0787514 0.129408
0 0.447876 0.846958 0.076235 0.132209
0 0.394957 0.674238 0.0775796 0.133963
0 0.752804 0.503706 0.0776772 0.131545
0 0.293994 0.676161 0.0764249 0.130975
0 0.602185 0.332354 0.0757839 0.12698
0 0.29591 0.331883 0.0789857 0.134793
0 0.499879 0.67334 0.0765774 0.133827
0 0.85426 0.504508 0.0737767 0.127712
0 0.145746 0.505569 0.0760045 0.127091
0 0.549705 0.84588 0.0740043 0.13118
0 0.396672 0.331761 0.0753919 0.130061
0 0.399272 0.160868 0.0764179 0.132052
0 0.193541 0.331224 0.0754594 0.133863
0 0.194273 0.674882 0.0729241 0.133407
0 0.499404 0.163982 0.0769636 0.126315
0 0.702408 0.330312 0.0766295 0.134317
0 0.602319 0.160862 0.0734614 0.131756
0 0.600757 0.67555 0.0753102 0.13518
0 0.246932 0.504824 0.0722914 0.128622
0 0.298444 0.163209 0.0740742 0.129778
