0 0.321345 0.693727 0.195168 0.329959
0 0.125996 0.579918 0.251695 0.373686
0 0.651145 0.725335 0.247988 0.416937
56 0.439122 0.677191 0.126151 0.177536
0 0.899066 0.626372 0.195386 0.309487
0 0.0558143 0.483515 0.110773 0.205713
0 0.515044 0.565184 0.173614 0.39121
0 0.803987 0.48635 0.171613 0.245874
0 0.420061 0.432692 0.112849 0.313747
0 0.640512 0.414779 0.10547 0.234097
0 0.942824 0.441535 0.113731 0.371371
0 0.196552 0.343845 0.101222 0.141299
0 0.291924 0.443647 0.108061 0.220782
0 0.450058 0.517763 0.0944948 0.162465
63 0.492699 0.848202 0.417622 0.17926
56 0.496235 0.848078 0.425494 0.179374
