39 0.704562 0.233075 0.103324 0.318052
39 0.704717 0.463892 0.0771835 0.207659
39 0.796051 0.206497 0.11406 0.248189
39 0.0750924 0.477916 0.124484 0.249118
39 0.219874 0.483748 0.0940514 0.25055
39 0.360157 0.48161 0.0795636 0.255034
39 0.636561 0.472623 0.0698149 0.249328
39 0.148311 0.481178 0.0995604 0.258041
39 0.581939 0.764765 0.0699884 0.225958
39 0.499791 0.479742 0.0600097 0.249666
39 0.299847 0.771892 0.0863819 0.21961
39 0.653182 0.76224 0.0804366 0.208803
39 0.567071 0.49865 0.0675122 0.266548
39 0.368489 0.760781 0.0749803 0.218108
39 0.219817 0.786681 0.104026 0.221688
39 0.927207 0.495905 0.115459 0.240409
39 0.77574 0.478836 0.0951246 0.241949
39 0.855886 0.463557 0.0891204 0.199825
39 0.110098 0.194461 0.124812 0.24116
39 0.721836 0.7624 0.093684 0.215205
41 0.85699 0.461435 0.0877972 0.200499
