0 0.711414 0.764974 0.102963 0.290261
0 0.09611 0.918638 0.191702 0.161686
0 0.854596 0.928082 0.290492 0.142871
0 0.568079 0.766844 0.0746504 0.257215
0 0.0389316 0.713887 0.0461018 0.110934
0 0.542068 0.579466 0.0790301 0.108968
74 0.45344 0.710891 0.0760466 0.0757114
0 0.129178 0.710062 0.0582753 0.127796
0 0.423587 0.587833 0.0579586 0.0829058
0 0.590757 0.94566 0.106684 0.10809
0 0.501716 0.954584 0.107882 0.08983
0 0.711296 0.963378 0.0698586 0.0732067
58 0.970694 0.724736 0.0585965 0.0951661
