0 0.520155 0.257415 0.161908 0.289556
0 0.712198 0.208584 0.134939 0.360768
0 0.255554 0.281858 0.174909 0.304395
0 0.799453 0.272988 0.19878 0.296807
0 0.108966 0.326715 0.217745 0.652219
60 0.513515 0.688541 0.97297 0.619363
56 0.963971 0.321927 0.070927 0.257322
41 0.681279 0.386378 0.0248116 0.0540193
58 0.279815 0.171083 0.175549 0.271059
41 0.248255 0.436371 0.0270025 0.0468812
39 0.933551 0.364789 0.0419245 0.148278
55 0.392791 0.760414 0.624383 0.477581
60 0.782882 0.688428 0.431255 0.619167
