0 0.974026 0.866689 0.0515209 0.262292
0 0.100523 0.862533 0.0719165 0.267553
2 0.616767 0.803308 0.0887802 0.0928225
0 0.265221 0.833805 0.0400683 0.173564
0 0.82795 0.860726 0.0445576 0.235479
0 0.467442 0.783235 0.0204869 0.0895574
0 0.231783 0.836368 0.0365895 0.175849
0 0.749098 0.802329 0.0313038 0.134601
0 0.893589 0.80587 0.0563019 0.215509
0 0.412343 0.7887 0.0234593 0.10848
0 0.392425 0.785014 0.0238375 0.11417
0 0.515221 0.77475 0.0179993 0.0622935
0 0.678782 0.78533 0.0275229 0.105377
2 0.562486 0.773318 0.0565675 0.0714077
0 0.859685 0.817347 0.0343241 0.168211
0 0.705499 0.803355 0.0233393 0.104518
58 0.339111 0.821449 0.0710452 0.170711
0 0.725716 0.782388 0.0213388 0.0960291
0 0.429562 0.768797 0.0131668 0.0625023
