0 0.754635 0.436317 0.127552 0.401347
56 0.387807 0.262023 0.0962083 0.236121
0 0.0450501 0.251212 0.090025 0.354221
0 0.231527 0.163419 0.0968259 0.188808
0 0.477781 0.884612 0.138177 0.221226
0 0.181198 0.604089 0.106487 0.601753
0 0.534376 0.454103 0.107254 0.427922
0 0.855954 0.613006 0.115399 0.168288
0 0.256993 0.551098 0.106581 0.514493
56 0.671463 0.275914 0.0817522 0.222212
0 0.838175 0.0671952 0.0682526 0.131252
0 0.791239 0.913486 0.125003 0.167676
0 0.948231 0.698105 0.0844643 0.149601
0 0.882506 0.450081 0.140878 0.337157
0 0.753015 0.0683284 0.0536278 0.126178
0 0.655453 0.927997 0.0894503 0.144006
56 0.39404 0.561174 0.0890594 0.176462
56 0.538261 0.231012 0.064477 0.14593
0 0.964711 0.900192 0.0696501 0.180711
0 0.741812 0.639209 0.094927 0.149547
0 0.470591 0.760268 0.126844 0.201931
0 0.642996 0.0673203 0.0794006 0.133501
0 0.791596 0.821064 0.166859 0.183423
0 0.331291 0.129477 0.0703949 0.157243
56 0.0562627 0.579799 0.105788 0.18261
0 0.46213 0.538984 0.089583 0.273218
56 0.794883 0.0983642 0.0356817 0.063817
0 0.661576 0.675262 0.0813623 0.148889
56 0.288943 0.169825 0.0295378 0.0849015
0 0.0174693 0.508596 0.0348471 0.405161
0 0.0608251 0.0706646 0.0549415 0.135733
58 0.838316 0.234519 0.13892 0.192661
0 0.583151 0.113259 0.054719 0.104683
0 0.262527 0.0719005 0.0602871 0.137702
0 0.473485 0.691505 0.11567 0.15676
0 0.649731 0.835559 0.100424 0.159194
