0 0.532238 0.753344 0.128585 0.344687
17 0.237701 0.839185 0.211498 0.2934
0 0.433535 0.316158 0.0634116 0.291503
17 0.0735058 0.831485 0.132629 0.281907
0 0.630214 0.332416 0.039644 0.253803
0 0.482838 0.289878 0.0252308 0.191375
0 0.583413 0.294014 0.0186294 0.12941
0 0.208087 0.231164 0.048752 0.163706
75 0.801307 0.51225 0.108741 0.922044
0 0.545058 0.280511 0.0181173 0.0984764
0 0.631688 0.775854 0.0466283 0.303274
0 0.189078 0.675025 0.0290736 0.0845496
0 0.212584 0.682203 0.0292146 0.092751
0 0.0870282 0.311812 0.042182 0.275258
0 0.382828 0.266539 0.0176677 0.127143
0 0.220971 0.739852 0.053454 0.210565
0 0.376331 0.680183 0.0372498 0.191456
