0 0.237398 0.689733 0.282662 0.601455
0 0.751998 0.674078 0.258742 0.641345
0 0.522507 0.663387 0.178051 0.664054
0 0.408691 0.733329 0.118801 0.52424
33 0.317654 0.215292 0.0704764 0.181442
33 0.0720289 0.300093 0.0823651 0.204335
0 0.943923 0.523167 0.0229843 0.111305
0 0.0444945 0.553245 0.0210128 0.0918892
0 0.635417 0.676464 0.165619 0.637934
0 0.0623224 0.544869 0.0241138 0.0828061
0 0.889843 0.521437 0.0225295 0.0838623
0 0.630559 0.662916 0.391367 0.659704
33 0.3188 0.263066 0.0690413 0.081807
25 0.0327528 0.483812 0.0654318 0.0279075
0 0.183526 0.52484 0.0280183 0.0462696
0 0.913394 0.515959 0.0183536 0.0732122
0 0.0832609 0.536753 0.0178687 0.0741277
