0 0.482882 0.697595 0.281353 0.604811
0 0.841065 0.332861 0.0762785 0.152852
0 0.031406 0.514041 0.0627288 0.484191
0 0.311833 0.529725 0.0629111 0.276661
0 0.149381 0.482358 0.0823774 0.41891
0 0.0746265 0.48861 0.0806719 0.439508
0 0.76798 0.343971 0.0745421 0.138194
0 0.237841 0.488357 0.0989531 0.362302
0 0.689458 0.362667 0.0805802 0.113535
0 0.942822 0.348536 0.0710209 0.126555
0 0.615603 0.354471 0.077532 0.130159
0 0.540792 0.372968 0.0472831 0.112417
0 0.58269 0.340257 0.0616772 0.11849
0 0.385367 0.3788 0.0579053 0.0997741
0 0.50234 0.328621 0.0473873 0.0905221
0 0.461018 0.356527 0.077107 0.104981
0 0.357405 0.369216 0.0353774 0.114039
2 0.983732 0.341075 0.0315479 0.0821355
