0 0.770828 0.644872 0.440541 0.204402
0 0.766547 0.904889 0.291494 0.18043
0 0.219593 0.655443 0.221229 0.160876
0 0.627884 0.166772 0.361001 0.1154
0 0.84086 0.432148 0.288659 0.1293
0 0.269762 0.144713 0.431269 0.188384
0 0.199065 0.904167 0.295657 0.190441
0 0.354215 0.888049 0.185276 0.220641
0 0.202725 0.432009 0.10588 0.0913531
0 0.643094 0.283595 0.122886 0.0630986
0 0.279763 0.425936 0.0874015 0.100529
0 0.489354 0.110807 0.230548 0.194755
0 0.803485 0.285603 0.163835 0.0594896
0 0.730963 0.280128 0.0840987 0.0651295
0 0.320163 0.439696 0.0623958 0.0698306
