0 0.422825 0.569744 0.200916 0.722913
0 0.732875 0.492443 0.0788045 0.351488
0 0.665218 0.49166 0.0697411 0.34957
0 0.535974 0.489269 0.0607609 0.352676
0 0.59917 0.490924 0.067395 0.349513
0 0.807825 0.493946 0.0752964 0.349921
0 0.952005 0.496619 0.0588898 0.345113
0 0.174653 0.493322 0.054465 0.346063
0 0.881375 0.497429 0.0613583 0.342844
0 0.318943 0.490722 0.0667974 0.343023
0 0.261647 0.492008 0.0624256 0.343302
0 0.9818 0.493987 0.0358643 0.332014
0 0.110306 0.493915 0.0644983 0.3425
0 0.0354714 0.491504 0.0650864 0.343115
0 0.209389 0.489655 0.0676081 0.330802
0 0.917167 0.495567 0.0526832 0.333856
34 0.775726 0.317732 0.0239349 0.184398
0 0.0683366 0.490683 0.0639702 0.333342
0 0.134342 0.488753 0.043878 0.329874
