56 0.110187 0.813731 0.213449 0.364039
0 0.462372 0.523751 0.329206 0.934493
40 0.745097 0.907405 0.0525301 0.180986
0 0.295997 0.590376 0.175032 0.781008
0 0.0989151 0.447851 0.125685 0.253049
0 0.655992 0.61274 0.104543 0.546031
0 0.841239 0.493937 0.089455 0.210891
0 0.971404 0.561389 0.0567623 0.298624
0 0.21968 0.441756 0.0775512 0.196806
0 0.590461 0.374669 0.0900457 0.259347
40 0.830865 0.787655 0.0414261 0.159328
0 0.664161 0.30962 0.055421 0.0878895
40 0.0556264 0.633991 0.0309989 0.129975
40 0.793359 0.787487 0.0381453 0.139578
40 0.892317 0.925559 0.0478184 0.144604
60 0.813664 0.754059 0.370116 0.481623
0 0.0143316 0.41817 0.0286364 0.0976833
40 0.758134 0.717081 0.023547 0.100672
0 0.0380837 0.409867 0.0376972 0.104242
0 0.891144 0.514331 0.0627506 0.253034
0 0.715116 0.494709 0.0645065 0.19249
27 0.104256 0.461483 0.0121717 0.107427
