14 0.44352 0.461214 0.118648 0.165955
14 0.754588 0.233884 0.113715 0.153789
14 0.314818 0.143413 0.128887 0.225457
14 0.35201 0.461663 0.0908438 0.128667
14 0.116877 0.211858 0.133729 0.210116
14 0.0729557 0.504148 0.0473622 0.12648
14 0.268044 0.732585 0.147818 0.155128
14 0.782877 0.582314 0.161205 0.17722
14 0.904935 0.16402 0.0937401 0.144087
14 0.755829 0.444592 0.0890453 0.155856
14 0.19518 0.478456 0.0404213 0.133414
14 0.334627 0.913587 0.0182141 0.0385974
14 0.613336 0.413907 0.104791 0.195911
14 0.782696 0.529981 0.160746 0.0724173
14 0.469247 0.166858 0.0379801 0.113518
14 0.598655 0.293449 0.140501 0.134379
