0 0.182793 0.497512 0.36504 0.984957
0 0.295513 0.206672 0.165448 0.336801
0 0.380221 0.164231 0.137793 0.318555
0 0.838327 0.754794 0.32137 0.47117
0 0.536566 0.256368 0.19349 0.390851
27 0.286132 0.247362 0.0249399 0.0871901
0 0.851001 0.354393 0.177799 0.349653
0 0.657237 0.41233 0.252884 0.493809
60 0.462426 0.646472 0.583795 0.67338
56 0.933944 0.229383 0.0831688 0.132829
0 0.538868 0.137921 0.0968702 0.244448
63 0.960637 0.0611422 0.077742 0.120151
60 0.78776 0.176652 0.132744 0.0879362
0 0.781173 0.495654 0.32127 0.627201
0 0.450197 0.834195 0.332775 0.311055
0 0.926227 0.510837 0.146791 0.319911
0 0.97334 0.297993 0.0528313 0.129094
27 0.570658 0.289625 0.0252337 0.0822075
