39 0.303941 0.886029 0.0748804 0.227446
0 0.803054 0.53094 0.393163 0.790489
0 0.204205 0.502703 0.40741 0.965135
41 0.505029 0.753355 0.0459969 0.10105
63 0.548422 0.918199 0.196727 0.160621
41 0.206221 0.569402 0.0606649 0.120905
0 0.364543 0.550044 0.282006 0.761979
0 0.579302 0.520923 0.204988 0.679989
41 0.691301 0.961534 0.0618738 0.0769322
0 0.667446 0.232457 0.0774132 0.251814
0 0.893838 0.188162 0.0717316 0.114995
0 0.523417 0.201436 0.0824949 0.24032
0 0.967227 0.435237 0.0648138 0.866114
41 0.723081 0.91815 0.0504523 0.12032
39 0.492664 0.96122 0.0419098 0.0766105
0 0.450916 0.136098 0.0775559 0.0943228
