60 0.501463 0.62687 0.899015 0.744011
40 0.648164 0.491525 0.0571568 0.158905
40 0.606011 0.47504 0.0475496 0.171282
40 0.693585 0.371565 0.0445149 0.118529
56 0.890758 0.314112 0.15744 0.330238
56 0.505205 0.196411 0.139079 0.119968
40 0.578996 0.318601 0.0397511 0.143539
43 0.423989 0.726739 0.072345 0.168997
43 0.16886 0.606961 0.187419 0.0793361
40 0.475058 0.555046 0.0609513 0.153907
40 0.280842 0.512062 0.06593 0.1502
40 0.333223 0.496428 0.0632412 0.158563
45 0.501842 0.754176 0.131821 0.124817
40 0.651039 0.362531 0.0502379 0.128582
40 0.504286 0.502371 0.0559549 0.170488
56 0.940319 0.768575 0.119015 0.46285
45 0.810024 0.601982 0.12584 0.0941766
43 0.730131 0.638232 0.156893 0.125804
75 0.449751 0.472625 0.051257 0.108301
44 0.731359 0.64008 0.151307 0.124165
45 0.308729 0.701067 0.175569 0.153104
41 0.275579 0.489623 0.0533686 0.104208
