45 0.086469 0.420357 0.170598 0.103333
0 0.614333 0.340277 0.486944 0.629436
0 0.160726 0.119188 0.142198 0.238068
0 0.778189 0.506682 0.44105 0.986637
45 0.273731 0.286292 0.123939 0.0603507
45 0.188405 0.380047 0.108827 0.0460475
0 0.707974 0.0995039 0.112979 0.198685
0 0.621724 0.0326235 0.0732802 0.0652471
45 0.17755 0.844573 0.355099 0.30934
41 0.799811 0.241 0.104149 0.122958
60 0.396855 0.786138 0.793491 0.426193
45 0.351187 0.246633 0.11801 0.036881
45 0.0749082 0.645341 0.148603 0.116603
45 0.191469 0.342839 0.109911 0.0394492
45 0.39689 0.757674 0.153444 0.118236
45 0.406884 0.622974 0.182768 0.0635917
0 0.527865 0.0823748 0.131856 0.164679
