0 0.661918 0.25916 0.303645 0.479906
0 0.340902 0.496847 0.286777 0.993693
0 0.124406 0.554107 0.24668 0.872619
0 0.879285 0.265108 0.206819 0.461972
0 0.591632 0.803971 0.14604 0.381152
0 0.908128 0.786102 0.155695 0.419432
0 0.744003 0.793829 0.135945 0.405146
27 0.85525 0.333147 0.0247586 0.270323
0 0.0325585 0.348396 0.0646205 0.181973
0 0.927036 0.135328 0.0533644 0.0903807
0 0.804922 0.153648 0.0556381 0.15044
0 0.741203 0.151078 0.0424864 0.0958883
0 0.0334497 0.571676 0.0668994 0.628057
0 0.975491 0.921636 0.0485569 0.156681
