0 0.112065 0.619426 0.110933 0.456461
0 0.824629 0.652578 0.1634 0.693478
0 0.274661 0.765174 0.112922 0.3556
0 0.387207 0.705324 0.12749 0.340167
0 0.235395 0.606384 0.108209 0.378546
0 0.903531 0.597387 0.0694947 0.42367
0 0.648611 0.577864 0.0624649 0.226571
0 0.48721 0.563679 0.0368695 0.131452
0 0.461472 0.566202 0.038212 0.131104
0 0.692578 0.561774 0.0393631 0.172205
0 0.73088 0.583695 0.0392976 0.201823
0 0.971791 0.615489 0.0560513 0.52383
0 0.51601 0.567755 0.0263252 0.122105
0 0.57266 0.565066 0.0308217 0.130717
0 0.612784 0.558667 0.0290436 0.147441
0 0.631059 0.565382 0.0331859 0.172068
0 0.986391 0.540668 0.0267489 0.385249
