0 0.620733 0.422989 0.275544 0.51064
45 0.319476 0.544323 0.120759 0.0946842
0 0.475418 0.371884 0.165636 0.327999
0 0.796096 0.491865 0.402732 0.972846
45 0.497467 0.882681 0.0973511 0.098688
0 0.0668893 0.47753 0.133779 0.435107
45 0.0698544 0.894626 0.139709 0.205694
0 0.306019 0.355635 0.228391 0.415243
72 0.140349 0.267455 0.280543 0.296238
0 0.174149 0.421919 0.138848 0.35405
0 0.92085 0.675309 0.15728 0.627245
45 0.558998 0.805148 0.135453 0.11254
44 0.0480356 0.758736 0.0953115 0.125392
45 0.149048 0.806639 0.190086 0.163181
0 0.581943 0.310827 0.125007 0.406738
49 0.683809 0.938503 0.230189 0.116652
49 0.481977 0.964704 0.0736791 0.0694104
60 0.386348 0.748547 0.772695 0.475539
45 0.12713 0.701971 0.107916 0.114367
41 0.424449 0.592515 0.0366068 0.0989681
