0 0.486392 0.730702 0.181429 0.519939
0 0.0447767 0.727368 0.0895533 0.256799
0 0.087457 0.705281 0.0395497 0.193175
0 0.251796 0.686252 0.0249365 0.110916
0 0.32204 0.680724 0.0278959 0.108804
0 0.787129 0.694929 0.0330536 0.115445
0 0.179508 0.709702 0.0340461 0.159225
0 0.155909 0.689163 0.0306436 0.134334
0 0.729558 0.712154 0.0166763 0.063634
0 0.300323 0.686299 0.022502 0.0968691
0 0.285646 0.691701 0.0282252 0.111313
0 0.193258 0.687466 0.0260787 0.123346
0 0.404406 0.664809 0.021262 0.0750135
0 0.933897 0.690361 0.0419881 0.148829
