45 0.38822 0.592458 0.273344 0.157104
45 0.427631 0.896235 0.395547 0.205782
41 0.952012 0.057134 0.0915629 0.11284
41 0.323407 0.0234594 0.0930621 0.0469188
45 0.809919 0.129417 0.142699 0.0703868
51 0.853859 0.57379 0.0567131 0.099725
48 0.238725 0.144919 0.308263 0.192107
45 0.939941 0.162924 0.116027 0.0961296
60 0.740606 0.256533 0.518788 0.492803
48 0.706462 0.332434 0.457056 0.33829
60 0.245517 0.253237 0.454317 0.500534
60 0.5 0.758352 1 0.483208
52 0.639027 0.386951 0.325036 0.232943
45 0.564324 0.754042 0.251107 0.145825
