0 0.762474 0.680337 0.352373 0.619163
0 0.242784 0.759878 0.19235 0.402339
0 0.103202 0.598963 0.18355 0.74885
0 0.43511 0.384131 0.192722 0.48595
0 0.758666 0.311728 0.0696899 0.134787
0 0.698043 0.417946 0.105496 0.324547
0 0.445665 0.422103 0.116092 0.318727
58 0.44572 0.723446 0.202601 0.240927
41 0.724674 0.75691 0.040768 0.0562214
0 0.605094 0.472147 0.129724 0.426342
45 0.635085 0.785697 0.0980692 0.0520565
60 0.550596 0.857007 0.53083 0.262661
56 0.106102 0.887532 0.0935248 0.163615
0 0.304762 0.467335 0.0973498 0.272573
0 0.255545 0.564155 0.150627 0.290085
0 0.474995 0.55601 0.25334 0.334694
24 0.966241 0.836007 0.0663799 0.235624
0 0.639142 0.32557 0.0535028 0.136268
41 0.545877 0.740202 0.0442105 0.108724
0 0.278714 0.378815 0.0492449 0.0909918
