0 0.739361 0.455656 0.151591 0.419699
40 0.0994727 0.667199 0.07245 0.147758
0 0.297536 0.53269 0.153625 0.284922
0 0.636453 0.397531 0.151166 0.534053
40 0.166128 0.649091 0.0553198 0.120456
0 0.474129 0.512753 0.279081 0.313132
0 0.487169 0.313622 0.178743 0.407345
0 0.848204 0.524442 0.235201 0.297228
0 0.152579 0.517777 0.196834 0.282385
41 0.681805 0.73715 0.0518314 0.127793
40 0.834446 0.623565 0.0455997 0.133018
60 0.520055 0.82754 0.95989 0.32833
40 0.268926 0.641687 0.0715576 0.18304
41 0.0345323 0.685096 0.0418089 0.0747812
56 0.0356734 0.588702 0.0707292 0.0684237
55 0.525589 0.744139 0.038892 0.0558564
