0 0.165874 0.760283 0.264712 0.45595
0 0.517383 0.52384 0.233507 0.262012
0 0.307975 0.609109 0.18977 0.306533
0 0.89623 0.505516 0.129797 0.397697
0 0.626213 0.657363 0.218706 0.413745
0 0.403496 0.505309 0.114442 0.263661
39 0.32995 0.810423 0.0407409 0.155478
0 0.764652 0.789416 0.345746 0.407323
62 0.605125 0.227556 0.0862436 0.110014
0 0.749203 0.382049 0.114047 0.116725
56 0.937261 0.718089 0.12329 0.257323
0 0.64264 0.463704 0.0815075 0.228644
56 0.588402 0.393999 0.0797991 0.158223
0 0.720621 0.48426 0.234408 0.274537
0 0.930195 0.398085 0.0855415 0.206423
0 0.25458 0.564191 0.0881127 0.220891
