0 0.74156 0.521163 0.139362 0.48657
0 0.257567 0.659757 0.166191 0.419523
0 0.604851 0.537286 0.159198 0.529343
0 0.598078 0.851028 0.133662 0.271462
0 0.474908 0.594129 0.126687 0.523128
0 0.724442 0.879621 0.138345 0.240034
0 0.384245 0.628457 0.105572 0.415875
0 0.842131 0.927408 0.126571 0.145185
0 0.663133 0.978631 0.104713 0.0427376
0 0.259362 0.982664 0.104481 0.0346714
0 0.510857 0.928721 0.208084 0.142559
0 0.956294 0.950686 0.0871246 0.0986278
56 0.0887517 0.665217 0.0708004 0.144253
56 0.0658181 0.767977 0.131636 0.331133
0 0.470727 0.949754 0.105735 0.100492
29 0.403173 0.61634 0.0728694 0.036075
24 0.0314327 0.701132 0.0628008 0.09841
