0 0.112662 0.599123 0.224685 0.780855
0 0.434036 0.586051 0.257684 0.803981
0 0.910199 0.280214 0.179229 0.559035
0 0.255327 0.310266 0.251019 0.620532
27 0.441146 0.632125 0.0391895 0.192833
0 0.602057 0.289662 0.258636 0.570599
0 0.244172 0.789138 0.177183 0.412479
0 0.896047 0.665477 0.207323 0.64301
27 0.966712 0.810817 0.0453468 0.176571
27 0.256165 0.419011 0.0320265 0.220365
27 0.605175 0.866465 0.0379915 0.189808
27 0.781641 0.623131 0.0351235 0.14487
27 0.0817078 0.679464 0.0537116 0.210535
0 0.78157 0.582164 0.25351 0.736751
27 0.632581 0.387685 0.0311369 0.104522
0 0.581117 0.698666 0.198066 0.574353
27 0.267023 0.96327 0.0322619 0.070391
