0 0.605845 0.505614 0.172753 0.886541
0 0.881626 0.525259 0.147137 0.21357
0 0.343634 0.532952 0.148048 0.194338
0 0.23946 0.468076 0.181004 0.320998
0 0.261226 0.129557 0.145658 0.257746
0 0.397197 0.164958 0.130485 0.206405
0 0.461011 0.535908 0.118793 0.191673
0 0.134997 0.170965 0.123452 0.175805
0 0.0289282 0.520357 0.0577519 0.211346
0 0.060212 0.447221 0.072611 0.224216
0 0.405967 0.460724 0.0686652 0.19442
0 0.0372936 0.130799 0.0745872 0.253987
0 0.498702 0.162745 0.0951097 0.213005
0 0.928611 0.205987 0.139926 0.2704
0 0.108661 0.530054 0.115887 0.221036
0 0.736154 0.54901 0.127416 0.168322
0 0.700983 0.417219 0.0908525 0.412154
0 0.799259 0.278515 0.145772 0.285206
0 0.410638 0.0853099 0.148137 0.170202
0 0.664996 0.17383 0.0800763 0.202609
0 0.775526 0.158616 0.134932 0.224043
0 0.0979231 0.115283 0.115909 0.230565
0 0.309255 0.392518 0.05747 0.136469
