0 0.392831 0.488184 0.150008 0.711271
0 0.597531 0.450439 0.105206 0.482676
0 0.900745 0.623678 0.197929 0.725724
0 0.115554 0.565451 0.217895 0.805564
0 0.514321 0.516852 0.133538 0.615222
0 0.831621 0.574759 0.167045 0.814807
27 0.38611 0.31051 0.016759 0.119418
0 0.245453 0.497932 0.07518 0.60012
0 0.306765 0.382732 0.0603044 0.331776
56 0.300386 0.611556 0.0883517 0.271512
56 0.0253705 0.790134 0.0507411 0.228777
56 0.159031 0.733792 0.0765739 0.20931
27 0.583809 0.360325 0.0248459 0.134455
0 0.694403 0.478079 0.11843 0.253365
0 0.930207 0.229843 0.0581217 0.0852185
0 0.751981 0.422267 0.0518728 0.162788
56 0.351424 0.590911 0.0568083 0.199338
0 0.216346 0.268133 0.0605128 0.215675
67 0.817795 0.382905 0.0238415 0.0713534
0 0.217932 0.437276 0.0689538 0.550827
0 0.853698 0.340116 0.118982 0.348345
0 0.184621 0.510986 0.147323 0.61465
