0 0.825987 0.784044 0.348027 0.414078
0 0.50439 0.70606 0.19472 0.572878
0 0.611966 0.660899 0.0968601 0.439286
0 0.888123 0.579925 0.0614975 0.226241
0 0.232294 0.686805 0.253246 0.612668
0 0.40645 0.664315 0.0657183 0.454605
0 0.112156 0.339555 0.0373451 0.130755
0 0.815478 0.519061 0.0502211 0.13898
0 0.0553289 0.525204 0.0745245 0.201958
0 0.0765268 0.524638 0.0349407 0.201986
0 0.349116 0.529584 0.0613617 0.238669
0 0.979287 0.602309 0.0406494 0.169574
0 0.660593 0.616572 0.0374842 0.106087
0 0.171689 0.676473 0.141906 0.442958
