0 0.487563 0.594954 0.23884 0.807808
0 0.290014 0.565676 0.243279 0.866543
0 0.67452 0.511184 0.273224 0.97131
0 0.956545 0.444865 0.0729436 0.165625
0 0.142785 0.346168 0.0674312 0.126703
0 0.8991 0.552574 0.158277 0.4005
0 0.0548004 0.407753 0.0972384 0.238807
27 0.647891 0.589312 0.051116 0.48538
0 0.190707 0.320593 0.0407628 0.121753
0 0.828979 0.374181 0.0605358 0.147139
0 0.0345918 0.518675 0.0691816 0.308567
0 0.743774 0.301953 0.0218102 0.03559
24 0.0905242 0.610596 0.079737 0.189513
56 0.961259 0.685231 0.0769987 0.383869
56 0.0425144 0.737037 0.0850288 0.394356
0 0.142886 0.421055 0.0687471 0.275597
56 0.874036 0.668628 0.0956742 0.27565
60 0.148001 0.418657 0.15523 0.0351844
60 0.155246 0.479541 0.136858 0.157172
0 0.987163 0.579802 0.0251772 0.391434
0 0.0806356 0.35423 0.0572057 0.0989601
0 0.967201 0.571106 0.0649678 0.389207
0 0.771587 0.316675 0.0268917 0.0359686
