0 0.421534 0.717068 0.312354 0.565864
0 0.623859 0.669338 0.215476 0.651953
0 0.822762 0.536373 0.215618 0.901589
0 0.214649 0.530972 0.25535 0.922994
0 0.450542 0.303595 0.0723129 0.283104
0 0.128892 0.256025 0.0963487 0.217915
24 0.947569 0.493863 0.104031 0.358879
0 0.69053 0.327853 0.0788964 0.263185
0 0.921235 0.248945 0.0376125 0.16768
26 0.0703376 0.494235 0.118827 0.325121
24 0.0704613 0.497349 0.126576 0.336184
26 0.705317 0.55175 0.119267 0.261657
0 0.0293287 0.285073 0.0586575 0.3222
0 0.343075 0.337816 0.0808831 0.389559
26 0.245129 0.764433 0.10172 0.220248
