0 0.401352 0.508251 0.205648 0.573949
0 0.503925 0.788905 0.170874 0.404094
0 0.290486 0.769645 0.26052 0.441224
0 0.337971 0.914564 0.235835 0.162878
0 0.624191 0.486652 0.18651 0.581522
0 0.751919 0.774377 0.111611 0.429617
0 0.667368 0.830683 0.176518 0.331701
0 0.929606 0.624309 0.0998989 0.160696
0 0.841897 0.810436 0.0933208 0.23113
0 0.937265 0.833333 0.124955 0.315328
0 0.868532 0.923549 0.194864 0.143869
62 0.152413 0.453688 0.300192 0.607765
27 0.62225 0.408493 0.0264095 0.130462
0 0.568854 0.932213 0.153757 0.131812
0 0.082251 0.758446 0.163357 0.459216
