56 0.111449 0.862253 0.155647 0.274029
0 0.568893 0.613203 0.109248 0.150576
56 0.350662 0.827278 0.106452 0.280011
56 0.202463 0.784655 0.0770237 0.25271
0 0.643533 0.775016 0.176855 0.379248
0 0.137507 0.594446 0.0841724 0.11699
0 0.833146 0.562597 0.0503874 0.0819615
56 0.0209006 0.909588 0.041639 0.178923
0 0.7815 0.606829 0.0727307 0.166137
56 0.636154 0.900192 0.154498 0.170772
0 0.277631 0.646011 0.0890788 0.262688
0 0.470168 0.79601 0.142594 0.395467
56 0.541367 0.976729 0.192433 0.0457756
0 0.406656 0.599649 0.0775679 0.170282
0 0.875899 0.575535 0.0605206 0.0596084
0 0.343235 0.691432 0.093727 0.262619
0 0.567667 0.517577 0.0618425 0.1234
0 0.480403 0.607042 0.0859442 0.119869
56 0.024977 0.673068 0.0499541 0.0650944
56 0.473676 0.899182 0.121804 0.197713
56 0.737943 0.988488 0.210171 0.0222191
