0 0.440228 0.740742 0.189416 0.517154
0 0.603979 0.744404 0.188491 0.510448
0 0.113914 0.729568 0.222271 0.540011
0 0.818416 0.823943 0.235863 0.351483
0 0.284057 0.798822 0.152923 0.401912
0 0.753523 0.715937 0.134993 0.568127
0 0.306564 0.482896 0.15817 0.497466
0 0.133068 0.400056 0.176363 0.36662
0 0.725768 0.388882 0.125481 0.420446
0 0.557402 0.332009 0.132956 0.208868
0 0.217689 0.567871 0.115889 0.367662
0 0.434617 0.418355 0.145924 0.392467
0 0.894442 0.636796 0.177991 0.683559
0 0.547784 0.490829 0.111823 0.344398
0 0.660493 0.46118 0.120521 0.334054
