0 0.372517 0.346081 0.143124 0.410912
0 0.167667 0.351369 0.291368 0.526347
0 0.887763 0.213043 0.175195 0.152159
0 0.723961 0.249692 0.108214 0.158875
0 0.748809 0.805713 0.153444 0.181057
0 0.490091 0.355802 0.131952 0.412345
0 0.454907 0.328702 0.439649 0.657404
0 0.26329 0.806124 0.0663596 0.261271
0 0.574497 0.806648 0.169375 0.271054
0 0.220709 0.819687 0.0621446 0.18701
0 0.937616 0.738578 0.0940666 0.130698
0 0.748829 0.423061 0.115095 0.128869
0 0.777929 0.526453 0.221964 0.257999
0 0.850456 0.895712 0.209905 0.190242
0 0.390364 0.777225 0.101742 0.182898
56 0.302658 0.231368 0.0518771 0.0492811
56 0.258649 0.222103 0.0430778 0.0782334
