0 0.0825769 0.482038 0.165154 0.302974
0 0.297775 0.590861 0.445398 0.485014
2 0.921372 0.380075 0.157255 0.0691786
0 0.689474 0.618151 0.244634 0.211343
0 0.775026 0.461167 0.110811 0.248041
0 0.956877 0.518217 0.0862471 0.257593
2 0.86509 0.331292 0.117597 0.0519157
0 0.264945 0.400275 0.0757137 0.123526
0 0.641779 0.452354 0.0676688 0.133661
0 0.89414 0.46708 0.0869215 0.156288
0 0.696484 0.435339 0.0611648 0.136649
0 0.845712 0.460119 0.0466324 0.146231
0 0.554278 0.475134 0.0802752 0.129449
0 0.449672 0.550205 0.143982 0.39842
