63 0.314859 0.660191 0.169194 0.250247
0 0.132976 0.586105 0.265387 0.679297
0 0.914372 0.478765 0.170351 0.404387
63 0.433084 0.56361 0.128749 0.1558
0 0.487285 0.440496 0.12133 0.297188
0 0.354473 0.437379 0.147834 0.389003
0 0.642275 0.427768 0.0916649 0.363487
56 0.255767 0.514563 0.105101 0.212848
63 0.753908 0.606076 0.165719 0.202698
0 0.226214 0.367171 0.0580228 0.0966315
63 0.579478 0.57383 0.122393 0.102142
0 0.81833 0.371626 0.0321778 0.167057
60 0.586937 0.783322 0.810885 0.414746
56 0.103092 0.948515 0.206106 0.102971
0 0.532069 0.369971 0.0394657 0.08397
0 0.429947 0.41034 0.0338021 0.118767
0 0.573771 0.409138 0.0549764 0.10422
56 0.0356557 0.815899 0.0712156 0.237536
56 0.826696 0.558557 0.0498283 0.186064
