0 0.718908 0.634988 0.181943 0.55646
0 0.101155 0.38171 0.0970563 0.485573
45 0.474469 0.754268 0.0580291 0.0728082
0 0.217008 0.643602 0.165261 0.684412
41 0.537991 0.703109 0.0398563 0.0754577
0 0.319851 0.508497 0.119474 0.429722
0 0.532066 0.283054 0.0455343 0.202759
41 0.433434 0.712331 0.0401499 0.0845678
0 0.433475 0.305229 0.0583416 0.244205
0 0.626431 0.451561 0.104539 0.360019
0 0.387682 0.403891 0.11229 0.279912
41 0.584819 0.705102 0.0346174 0.0850341
41 0.50598 0.665636 0.0345814 0.104776
60 0.476691 0.706653 0.527929 0.563942
45 0.485691 0.575913 0.0410667 0.0491148
74 0.632848 0.195918 0.0219049 0.0682672
41 0.418478 0.609168 0.0277926 0.0577208
26 0.0982683 0.918145 0.196537 0.161503
0 0.47163 0.231125 0.0319431 0.091625
41 0.517972 0.545194 0.0234004 0.0541113
