0 0.589593 0.341632 0.403209 0.521644
0 0.095585 0.840392 0.190229 0.31856
0 0.262048 0.501571 0.215665 0.274365
0 0.558702 0.855938 0.251798 0.28739
0 0.497453 0.951113 0.146668 0.0966045
0 0.73826 0.704684 0.305247 0.397403
0 0.851748 0.820842 0.295323 0.357191
0 0.285525 0.922921 0.175685 0.153112
0 0.265397 0.845509 0.375145 0.308982
0 0.430358 0.784801 0.12482 0.203548
0 0.945727 0.683526 0.107711 0.252854
0 0.35982 0.530654 0.175783 0.187079
0 0.432881 0.534064 0.143926 0.153109
67 0.504789 0.252683 0.0600306 0.0677143
