0 0.504157 0.590952 0.24656 0.759433
0 0.13428 0.396624 0.11758 0.45914
0 0.776928 0.361216 0.131453 0.489229
0 0.636551 0.544116 0.147581 0.629362
0 0.892151 0.285858 0.101322 0.385004
0 0.331865 0.542166 0.150723 0.609107
0 0.837834 0.359371 0.0999282 0.398111
0 0.217792 0.484334 0.110573 0.478239
0 0.952705 0.252255 0.0935848 0.30172
0 0.0509443 0.276871 0.0956611 0.438673
0 0.721687 0.453942 0.12449 0.457841
0 0.274137 0.280241 0.0654267 0.267364
0 0.575862 0.329691 0.0615859 0.275558
0 0.657991 0.254156 0.0476625 0.221636
0 0.201621 0.239041 0.0680061 0.2553
0 0.535265 0.246779 0.0591406 0.254715
