0 0.866109 0.79602 0.0882045 0.394972
0 0.1042 0.36244 0.207766 0.42969
0 0.229029 0.270086 0.146253 0.160865
0 0.795105 0.816617 0.132915 0.275195
0 0.743533 0.252239 0.178358 0.139236
0 0.184191 0.748357 0.116976 0.16277
72 0.939389 0.207908 0.118717 0.411893
57 0.271428 0.436118 0.430137 0.301905
65 0.467396 0.30487 0.0312817 0.0227031
59 0.214823 0.896998 0.177847 0.18378
0 0.320412 0.822636 0.0400666 0.161117
0 0.718325 0.417472 0.379715 0.271929
73 0.916169 0.398146 0.108839 0.0527889
57 0.719124 0.421967 0.379855 0.27375
