56 0.767601 0.8478 0.244489 0.303702
0 0.579038 0.379822 0.168452 0.40743
0 0.275648 0.381235 0.135534 0.427597
0 0.52406 0.660577 0.151309 0.326825
0 0.122069 0.542685 0.16094 0.773164
0 0.880422 0.591396 0.144652 0.282555
56 0.909898 0.829729 0.155045 0.331115
63 0.473101 0.447161 0.127321 0.193257
74 0.506751 0.125525 0.0588313 0.102662
56 0.532478 0.904761 0.222485 0.189305
0 0.351605 0.654774 0.185995 0.334404
56 0.231525 0.701604 0.0779109 0.103572
0 0.730688 0.669909 0.172489 0.49056
56 0.29028 0.864164 0.278432 0.271144
0 0.219051 0.498738 0.080955 0.226706
0 0.0615334 0.836755 0.122758 0.324514
0 0.397341 0.575068 0.104434 0.311594
