0 0.406831 0.559205 0.0825159 0.419331
0 0.469714 0.568692 0.0720281 0.403265
0 0.819018 0.525097 0.0752743 0.462277
0 0.535713 0.531248 0.0849354 0.455375
0 0.196431 0.57126 0.0804266 0.442273
0 0.869582 0.556936 0.0683052 0.414114
0 0.137401 0.557535 0.0834586 0.435741
0 0.294294 0.554811 0.0645126 0.401812
0 0.339659 0.582175 0.059023 0.36491
0 0.240767 0.550281 0.0596654 0.439778
0 0.757826 0.538882 0.060269 0.418384
0 0.616516 0.673369 0.0826792 0.206409
0 0.685342 0.521412 0.0871468 0.23673
0 0.589915 0.537852 0.0511625 0.305247
0 0.694746 0.671654 0.0964584 0.226524
0 0.369845 0.390688 0.0560637 0.167165
0 0.62842 0.497476 0.057645 0.279498
