0 0.906318 0.359239 0.166371 0.265376
0 0.532404 0.792752 0.06581 0.0966609
0 0.777656 0.714017 0.0575995 0.180424
0 0.638136 0.389013 0.090695 0.211383
0 0.471374 0.826507 0.120985 0.10397
0 0.240901 0.597068 0.073032 0.240441
0 0.831877 0.755099 0.0561901 0.149576
0 0.719997 0.706393 0.0551555 0.144408
0 0.183359 0.595759 0.0596486 0.176107
0 0.921662 0.752398 0.0472469 0.122789
0 0.032206 0.498941 0.0490937 0.116142
0 0.438771 0.291377 0.0797361 0.222995
0 0.63126 0.837588 0.066299 0.118344
0 0.670335 0.7736 0.0489269 0.15354
0 0.524136 0.413785 0.153468 0.159726
0 0.718958 0.796041 0.0612867 0.0862249
0 0.14046 0.563672 0.051093 0.154141
0 0.608995 0.708822 0.0213296 0.047361
0 0.472302 0.370298 0.130979 0.160528
