16 0.714754 0.262403 0.0512107 0.0454027
0 0.113462 0.188562 0.174778 0.279598
0 0.151322 0.497984 0.11133 0.283487
0 0.771677 0.509345 0.0887695 0.256819
0 0.519934 0.531171 0.0937483 0.173001
0 0.249559 0.190142 0.165913 0.280533
0 0.467538 0.836425 0.0804041 0.173601
0 0.863971 0.504764 0.0840063 0.297758
0 0.856797 0.178026 0.0704153 0.200046
0 0.785901 0.195284 0.0944679 0.18772
0 0.283449 0.853354 0.0620142 0.198025
0 0.852917 0.828587 0.0908748 0.313432
0 0.797406 0.837451 0.116522 0.297582
0 0.568316 0.530519 0.0637653 0.164662
0 0.0328508 0.838189 0.0418107 0.13977
0 0.142278 0.854392 0.102197 0.173476
58 0.92653 0.444316 0.0560612 0.0979324
0 0.50827 0.192091 0.0696632 0.229534
0 0.967224 0.802034 0.0455452 0.141136
0 0.689137 0.808351 0.0332237 0.114174
0 0.526708 0.831217 0.0455818 0.0898311
9 0.0817756 0.380784 0.020768 0.0398801
0 0.739545 0.811446 0.0406182 0.128463
1 0.526513 0.881221 0.054689 0.0608265
0 0.721771 0.786512 0.0189894 0.0708042
26 0.84417 0.789132 0.0580504 0.111372
26 0.738487 0.529572 0.0342154 0.0544207
0 0.126365 0.819192 0.0236112 0.0884619
0 0.559131 0.159602 0.0531942 0.149339
