16 0.841207 0.133473 0.220994 0.191237
41 0.446698 0.126973 0.211191 0.12452
21 0.289588 0.671648 0.289103 0.20122
16 0.614784 0.902944 0.0684695 0.109723
16 0.134688 0.142901 0.213014 0.127772
0 0.82998 0.897555 0.0571055 0.0997574
56 0.432332 0.92738 0.0503689 0.059
0 0.912122 0.450875 0.0918266 0.203897
16 0.193791 0.881293 0.157963 0.180493
60 0.47886 0.140184 0.351861 0.170419
0 0.753703 0.699909 0.0321988 0.0893185
0 0.154658 0.877498 0.242149 0.188324
16 0.608135 0.354184 0.103574 0.209952
56 0.458155 0.895927 0.047161 0.0585117
56 0.345332 0.447932 0.0277196 0.0603439
