0 0.874951 0.768338 0.249415 0.462413
0 0.726312 0.600551 0.0861423 0.408075
0 0.573588 0.602348 0.0974627 0.381134
0 0.644504 0.635013 0.0921363 0.282122
0 0.451812 0.629207 0.093508 0.275695
0 0.106877 0.492019 0.0427569 0.131811
0 0.023079 0.477768 0.0348828 0.0595303
0 0.190703 0.503499 0.0700453 0.17425
0 0.814401 0.556697 0.102094 0.157699
0 0.957506 0.488332 0.0348446 0.111954
0 0.813007 0.532071 0.0542748 0.104702
0 0.984737 0.492393 0.0299381 0.102367
12 0.309272 0.651203 0.0980831 0.371043
0 0.405589 0.609191 0.0386003 0.210562
