56 0.753832 0.787216 0.223417 0.413125
56 0.601788 0.527704 0.082499 0.150487
56 0.923796 0.76626 0.150723 0.432631
0 0.460549 0.352114 0.0438787 0.133569
56 0.52243 0.799711 0.249113 0.382852
56 0.500003 0.494636 0.0479326 0.0580051
0 0.603238 0.384514 0.0395164 0.122495
39 0.800797 0.34813 0.0215189 0.0605012
41 0.163205 0.751342 0.0366712 0.0783166
41 0.279694 0.694148 0.0302702 0.0660443
0 0.745297 0.354936 0.0399269 0.106208
58 0.077439 0.326742 0.154878 0.457137
56 0.387491 0.490351 0.0452117 0.0622786
60 0.630022 0.777286 0.544476 0.433363
60 0.557804 0.63891 0.719673 0.211086
