0 0.802982 0.595679 0.048558 0.0681035
0 0.124013 0.649527 0.0464812 0.176512
0 0.932774 0.597372 0.0211621 0.0999729
0 0.527547 0.597391 0.0490123 0.0985464
0 0.390415 0.59078 0.0429155 0.111925
0 0.0925528 0.605129 0.0287141 0.115107
0 0.956989 0.595987 0.0320869 0.116799
0 0.76576 0.579571 0.0389244 0.104418
0 0.896535 0.592376 0.0287509 0.109768
0 0.283596 0.610385 0.0231126 0.0778634
0 0.203126 0.607971 0.0377967 0.0833914
0 0.492994 0.592264 0.0341852 0.0839179
0 0.177141 0.564269 0.0259458 0.0555013
