0 0.451888 0.170738 0.1577 0.235113
0 0.644586 0.666356 0.125367 0.2013
0 0.382671 0.867884 0.11125 0.254158
0 0.210084 0.629759 0.0441274 0.168187
0 0.0467881 0.228071 0.0332128 0.216675
0 0.474952 0.49987 0.0389779 0.215212
0 0.180875 0.907296 0.0470948 0.185407
0 0.951567 0.147262 0.0957298 0.225668
0 0.797076 0.386535 0.0507935 0.167253
0 0.341673 0.626997 0.0588155 0.158459
0 0.531379 0.469575 0.0373686 0.2285
0 0.243629 0.627268 0.0402362 0.16159
0 0.0694588 0.189938 0.0437709 0.285912
0 0.654557 0.899236 0.0474804 0.201528
0 0.841406 0.38487 0.0350128 0.165444
0 0.894161 0.15134 0.0631329 0.205294
0 0.608244 0.909491 0.0501108 0.181018
0 0.4999 0.894404 0.0345291 0.171515
0 0.219236 0.158504 0.0634378 0.131875
0 0.274018 0.619399 0.0392049 0.176516
0 0.941275 0.415795 0.0369875 0.191449
0 0.0486488 0.477842 0.0317287 0.145952
0 0.297371 0.907973 0.083639 0.182433
0 0.608284 0.468474 0.0636725 0.185343
0 0.264279 0.127378 0.0498285 0.171114
0 0.946958 0.65656 0.0663288 0.181845
0 0.473768 0.903768 0.0237354 0.161982
0 0.409301 0.632339 0.0499063 0.148611
0 0.913212 0.885529 0.0242381 0.136087
0 0.786956 0.651012 0.0317548 0.149364
0 0.14735 0.906429 0.0349994 0.187141
0 0.0611501 0.901985 0.0427879 0.196029
0 0.905671 0.409417 0.0559933 0.212694
0 0.107869 0.217362 0.0353678 0.206879
0 0.951385 0.885543 0.0224527 0.116128
0 0.504837 0.486946 0.0325315 0.247873
0 0.0996487 0.912311 0.0344517 0.174862
0 0.184451 0.646527 0.0357375 0.13006
0 0.613379 0.237903 0.0476257 0.160732
0 0.907422 0.661894 0.0399097 0.165464
0 0.515012 0.702738 0.0327776 0.108178
0 0.418615 0.433123 0.0209854 0.116646
0 0.65332 0.477567 0.0503338 0.161864
0 0.490469 0.138797 0.0901906 0.231684
0 0.822759 0.15259 0.0436419 0.17226
0 0.368636 0.43702 0.0231468 0.119171
0 0.660078 0.215985 0.0444817 0.180697
0 0.820257 0.906472 0.0370582 0.101926
0 0.0984702 0.660348 0.0418266 0.101976
0 0.381642 0.618775 0.0315343 0.171527
