0 0.433235 0.139035 0.344198 0.276725
0 0.142113 0.880332 0.237326 0.238462
0 0.701257 0.837356 0.091289 0.237338
0 0.570758 0.920869 0.100093 0.15763
0 0.0332858 0.924239 0.0664137 0.150315
0 0.392078 0.925561 0.109499 0.147618
0 0.283244 0.912648 0.108095 0.172909
0 0.372946 0.851532 0.0685898 0.201737
0 0.638871 0.936288 0.114571 0.126781
0 0.82896 0.928361 0.112705 0.141441
0 0.751504 0.969677 0.132706 0.0599581
0 0.243874 0.805162 0.0747702 0.186668
0 0.967646 0.825896 0.063715 0.11376
0 0.946805 0.958541 0.103651 0.0818818
0 0.930264 0.897805 0.0665666 0.0935687
62 0.267489 0.602012 0.0809921 0.066105
72 0.909533 0.83994 0.179232 0.209257
0 0.463331 0.914866 0.133679 0.168312
