0 0.72097 0.833689 0.189148 0.330923
0 0.913128 0.839399 0.171741 0.321058
0 0.547948 0.536775 0.159274 0.23371
0 0.462749 0.168154 0.181299 0.316824
0 0.917054 0.195433 0.140912 0.263717
0 0.0535096 0.884251 0.104916 0.231498
0 0.404428 0.531162 0.153727 0.237098
0 0.782855 0.163451 0.1841 0.326543
0 0.745412 0.538845 0.130129 0.224183
0 0.463738 0.891713 0.100847 0.216574
0 0.337252 0.835978 0.190872 0.328044
0 0.891642 0.501094 0.18278 0.305947
0 0.15518 0.834803 0.163461 0.325819
0 0.282941 0.171984 0.17429 0.311822
0 0.582351 0.838433 0.122094 0.322056
0 0.567756 0.162107 0.149056 0.319489
0 0.221999 0.51371 0.14236 0.274869
0 0.119165 0.51273 0.117638 0.274783
0 0.0455901 0.507398 0.0909092 0.288815
0 0.142472 0.241112 0.1076 0.177771
0 0.0412727 0.265584 0.0825453 0.13407
0 0.19119 0.106508 0.0936107 0.209298
