0 0.621835 0.860747 0.197996 0.277076
0 0.81819 0.824739 0.244685 0.349866
0 0.904949 0.828985 0.106511 0.230688
0 0.102292 0.896789 0.124238 0.205334
0 0.213976 0.904214 0.113337 0.190802
0 0.416441 0.67848 0.0476406 0.172869
0 0.457366 0.879261 0.122414 0.240224
0 0.339889 0.676381 0.0498578 0.185809
0 0.296571 0.892066 0.0879165 0.215263
0 0.231232 0.691456 0.0461193 0.190244
0 0.0464497 0.895324 0.0928993 0.209162
0 0.967086 0.892122 0.0653999 0.215756
0 0.736669 0.815252 0.102474 0.152729
0 0.488882 0.688761 0.0762629 0.244838
0 0.159758 0.862791 0.0804477 0.21942
0 0.54661 0.860244 0.0783287 0.277071
0 0.555044 0.675524 0.0649692 0.146268
