0 0.710322 0.741417 0.127635 0.187491
0 0.482266 0.751616 0.118443 0.153367
0 0.303605 0.744148 0.102155 0.162081
0 0.130279 0.526335 0.258454 0.22211
0 0.59505 0.758205 0.143317 0.140272
0 0.393886 0.764142 0.0826088 0.119501
0 0.41599 0.249396 0.0873036 0.187739
0 0.495394 0.241274 0.110326 0.225466
0 0.224454 0.516992 0.12173 0.239589
0 0.898208 0.537053 0.0771708 0.173747
0 0.575869 0.271141 0.0979217 0.167716
0 0.827578 0.512936 0.136903 0.211096
0 0.789924 0.546474 0.0797406 0.154239
0 0.524537 0.546349 0.0889134 0.124901
0 0.469924 0.541322 0.101378 0.136029
