0 0.150219 0.726309 0.14222 0.54525
0 0.867442 0.725223 0.248009 0.547716
0 0.274195 0.730623 0.137172 0.288713
77 0.86942 0.725639 0.245424 0.548722
0 0.0250232 0.52726 0.050018 0.202383
60 0.504778 0.876755 0.215616 0.244401
0 0.410956 0.789408 0.131542 0.410567
0 0.50303 0.63657 0.065366 0.135408
0 0.375807 0.609259 0.0589383 0.0973376
0 0.463544 0.607809 0.0494661 0.0976313
41 0.487446 0.731461 0.0229193 0.0685393
56 0.449327 0.746534 0.0594943 0.0500754
0 0.0159432 0.678865 0.0317398 0.221257
0 0.275278 0.581985 0.0569927 0.0927416
56 0.243498 0.883768 0.113797 0.228306
