0 0.178577 0.412268 0.0486394 0.15585
0 0.0927425 0.419134 0.0373629 0.147121
0 0.256281 0.373492 0.0295786 0.111504
0 0.209937 0.361203 0.0267814 0.103211
0 0.434714 0.423884 0.0603207 0.136722
0 0.367353 0.418335 0.0420823 0.148012
0 0.408645 0.382034 0.031897 0.0760652
0 0.294229 0.395904 0.0418832 0.102341
75 0.648549 0.103958 0.0794862 0.176817
75 0.53411 0.124824 0.053643 0.139173
0 0.473276 0.426955 0.0333794 0.127265
75 0.553016 0.356841 0.0806002 0.181698
0 0.403584 0.41421 0.0421067 0.150897
45 0.716565 0.400601 0.172465 0.178835
75 0.718077 0.400763 0.1695 0.176732
