0 0.919651 0.733406 0.110334 0.347516
0 0.680398 0.806007 0.104137 0.271459
0 0.146711 0.806666 0.109365 0.249157
0 0.0640414 0.803917 0.0818001 0.25639
0 0.505867 0.812435 0.0827841 0.246403
0 0.228131 0.801828 0.121453 0.265987
0 0.671864 0.620735 0.0954554 0.289372
0 0.75935 0.620198 0.0832539 0.287462
0 0.763794 0.827034 0.0678726 0.238436
0 0.589471 0.808995 0.0785954 0.256019
0 0.826793 0.823981 0.0803038 0.223071
0 0.334032 0.813857 0.0829106 0.253778
0 0.823859 0.678139 0.0984157 0.229694
32 0.936901 0.884425 0.0209075 0.0392535
0 0.413599 0.803841 0.104233 0.268304
0 0.348443 0.59962 0.0868024 0.313294
32 0.851269 0.894347 0.0310959 0.0401762
0 0.270365 0.698928 0.100972 0.412165
