0 0.410041 0.177785 0.174725 0.309459
0 0.0838694 0.847114 0.167739 0.303341
0 0.0846603 0.173953 0.168947 0.31789
0 0.593113 0.176072 0.181354 0.309075
0 0.751901 0.191817 0.165828 0.276932
0 0.905862 0.184585 0.15398 0.296432
0 0.248547 0.181781 0.1688 0.305864
0 0.241773 0.846027 0.181015 0.302156
0 0.414249 0.847504 0.174643 0.298112
0 0.411726 0.511895 0.174752 0.312593
0 0.918093 0.526601 0.159437 0.283306
0 0.0857657 0.522092 0.171149 0.291833
0 0.739174 0.521208 0.146919 0.289694
0 0.58185 0.520694 0.152103 0.294294
0 0.588143 0.858128 0.168285 0.278969
0 0.243133 0.510548 0.178264 0.320719
0 0.917952 0.858266 0.162103 0.278801
0 0.756076 0.86238 0.166486 0.275239
