0 0.611679 0.699074 0.129245 0.592496
0 0.749028 0.46509 0.113155 0.563406
0 0.422472 0.690252 0.116714 0.601787
0 0.672356 0.353277 0.0689317 0.317738
0 0.930025 0.454875 0.136467 0.23951
0 0.157099 0.530465 0.104161 0.233992
0 0.20364 0.507826 0.0853957 0.245881
0 0.473 0.431528 0.0533418 0.189821
0 0.250011 0.4788 0.0713007 0.212909
0 0.524134 0.421865 0.0678577 0.207653
0 0.54845 0.419323 0.0462435 0.200711
0 0.359968 0.437988 0.0590583 0.190254
56 0.361197 0.475449 0.0542647 0.123192
2 0.193503 0.252017 0.12533 0.0966468
2 0.251959 0.257463 0.0950762 0.0991745
24 0.0813708 0.612481 0.0557599 0.10541
