0 0.347636 0.725274 0.143327 0.413824
0 0.845728 0.784015 0.197594 0.311944
0 0.490431 0.565987 0.180659 0.496973
0 0.814912 0.26079 0.163732 0.428865
0 0.725378 0.650524 0.137153 0.355881
0 0.61088 0.430097 0.127944 0.506108
0 0.696871 0.849372 0.148528 0.185695
0 0.968734 0.681513 0.0615837 0.239756
0 0.542149 0.864566 0.164025 0.14841
0 0.125224 0.639625 0.138667 0.552388
0 0.501922 0.176729 0.119711 0.343491
0 0.872482 0.519892 0.173845 0.352022
0 0.733054 0.368727 0.183955 0.465923
0 0.248315 0.372636 0.165313 0.393981
0 0.0664298 0.370747 0.130898 0.472462
0 0.422575 0.861073 0.136069 0.157977
0 0.0650235 0.813074 0.129824 0.249451
0 0.962217 0.852409 0.0746233 0.177937
0 0.386394 0.446106 0.144259 0.465307
0 0.244959 0.863699 0.175081 0.153827
0 0.950078 0.26132 0.0994062 0.516509
0 0.933323 0.43005 0.128788 0.461785
0 0.0304504 0.596947 0.0608445 0.211689
0 0.63227 0.0935843 0.113442 0.184931
0 0.220523 0.732992 0.186956 0.405894
