0 0.601522 0.103409 0.491027 0.189505
0 0.443116 0.50007 0.470923 0.197588
0 0.60632 0.301672 0.759278 0.197269
0 0.214344 0.73547 0.201079 0.130619
0 0.564421 0.722026 0.222591 0.151052
0 0.917244 0.731317 0.15994 0.14021
56 0.15601 0.498648 0.31202 0.194803
0 0.552245 0.902075 0.76306 0.195095
0 0.225512 0.277616 0.418801 0.154176
0 0.881766 0.881289 0.224499 0.154312
0 0.834911 0.277259 0.320502 0.150982
56 0.760927 0.548196 0.35436 0.0956972
56 0.128144 0.36476 0.209399 0.0606827
27 0.500781 0.384783 0.188741 0.0285746
0 0.346481 0.754634 0.1767 0.0894592
0 0.312076 0.983171 0.288477 0.0330784
