45 0.349082 0.712743 0.432777 0.247604
45 0.295924 0.528347 0.347651 0.166645
39 0.611301 0.212601 0.178577 0.281552
39 0.31171 0.316919 0.172382 0.26651
39 0.349541 0.128963 0.0870748 0.176515
41 0.727201 0.639841 0.299259 0.274401
56 0.316828 0.068161 0.179253 0.133836
39 0.410611 0.265051 0.13376 0.26976
60 0.498131 0.585118 0.991725 0.816756
56 0.105804 0.074519 0.157596 0.108656
50 0.526245 0.439655 0.15817 0.13706
45 0.336284 0.952934 0.635411 0.0935105
51 0.562069 0.37041 0.221852 0.0519878
