0 0.641559 0.576789 0.24913 0.822727
0 0.166235 0.509552 0.0889561 0.112279
0 0.498155 0.55399 0.140003 0.616013
39 0.428233 0.712132 0.0376051 0.0961478
0 0.228376 0.536787 0.0514107 0.0446034
0 0.0175707 0.521436 0.0351415 0.0645265
27 0.594218 0.361052 0.0485998 0.125481
0 0.0530563 0.568663 0.105335 0.0760101
62 0.380842 0.370028 0.297832 0.297243
24 0.137507 0.2013 0.119274 0.0810777
62 0.686604 0.267343 0.0909686 0.0944524
39 0.274034 0.580997 0.0178245 0.0704336
39 0.114049 0.696966 0.0255816 0.0669073
27 0.584392 0.420644 0.0718432 0.24353
