0 0.280662 0.601029 0.407099 0.785763
0 0.843664 0.616984 0.306292 0.747034
0 0.602002 0.652705 0.249555 0.673728
0 0.0890991 0.683552 0.178019 0.630036
0 0.541921 0.865085 0.133286 0.265189
0 0.860453 0.838289 0.158719 0.313362
0 0.0212652 0.429827 0.0425305 0.450235
0 0.765432 0.349787 0.210407 0.593829
0 0.323277 0.260868 0.204686 0.511605
0 0.72067 0.226708 0.164434 0.445347
0 0.115154 0.207934 0.229209 0.404849
0 0.496398 0.338874 0.180244 0.570273
67 0.789069 0.403261 0.039552 0.0963785
0 0.959039 0.173311 0.0812601 0.341072
0 0.958314 0.529921 0.0827978 0.906538
