0 0.354123 0.716892 0.150839 0.506137
0 0.62677 0.613 0.0758776 0.505857
0 0.90112 0.651991 0.108245 0.555321
0 0.507919 0.634728 0.0588043 0.509666
0 0.689937 0.645443 0.0828504 0.517554
0 0.566664 0.626099 0.0754004 0.544941
0 0.13768 0.676744 0.0929654 0.593206
0 0.450911 0.60257 0.0656084 0.550339
27 0.570932 0.509309 0.0187498 0.138878
0 0.0259129 0.658839 0.0518259 0.623011
0 0.0592178 0.674206 0.0951866 0.564544
0 0.964286 0.642089 0.0704246 0.599363
0 0.78546 0.674031 0.114914 0.5365
0 0.153697 0.261651 0.0761806 0.343989
0 0.241768 0.695724 0.0958568 0.570003
