0 0.301776 0.565099 0.206684 0.372441
0 0.819113 0.544389 0.226793 0.327444
0 0.138535 0.679302 0.275662 0.639451
45 0.475209 0.768614 0.0564213 0.0578781
0 0.0528866 0.323231 0.1046 0.178613
0 0.846282 0.314641 0.0704539 0.152961
0 0.134891 0.303874 0.0744493 0.146328
41 0.82497 0.96546 0.0563145 0.0690326
60 0.55666 0.816313 0.869418 0.36525
41 0.325923 0.955041 0.0545352 0.0899188
41 0.556416 0.720983 0.0388397 0.0602966
56 0.0322881 0.470497 0.0645026 0.136058
41 0.502062 0.727187 0.0349833 0.0661636
45 0.825063 0.719171 0.0530328 0.050725
0 0.534551 0.550164 0.189274 0.234952
45 0.388518 0.858898 0.0741045 0.072313
41 0.862882 0.712735 0.0320391 0.0568022
41 0.439846 0.954443 0.0538193 0.0757851
41 0.900441 0.722686 0.0375433 0.0606776
41 0.475523 0.768703 0.0562374 0.0579712
41 0.564457 0.679161 0.0541393 0.043638
41 0.602047 0.955567 0.118409 0.0879315
53 0.566265 0.810461 0.149175 0.145335
56 0.755421 0.529905 0.0994862 0.146869
57 0.724171 0.52447 0.206816 0.292936
41 0.825207 0.720857 0.0533646 0.0551694
41 0.944297 0.944493 0.0593712 0.0696673
41 0.227845 0.981147 0.0391236 0.0363782
45 0.942969 0.943926 0.0563236 0.0701851
