0 0.220576 0.648746 0.106067 0.528526
0 0.321762 0.822092 0.145271 0.310454
0 0.521118 0.837383 0.128667 0.313006
32 0.575078 0.714726 0.0375025 0.0576378
0 0.737039 0.853022 0.135291 0.291848
0 0.798893 0.812768 0.0894924 0.360203
0 0.313797 0.615816 0.0887813 0.433284
0 0.434152 0.764243 0.116317 0.416073
0 0.660324 0.839533 0.112266 0.313653
0 0.757672 0.585917 0.0783037 0.273342
0 0.68877 0.671747 0.099156 0.224165
0 0.617979 0.572241 0.0766379 0.230248
0 0.406062 0.542992 0.0674423 0.225586
0 0.547682 0.565173 0.0724197 0.261801
0 0.687453 0.545057 0.0760494 0.214771
0 0.606383 0.796193 0.0753521 0.37278
0 0.478077 0.552144 0.076591 0.229565
0 0.291381 0.432825 0.0505705 0.128557
