0 0.148163 0.692496 0.142528 0.601244
0 0.572809 0.636617 0.140526 0.592722
0 0.728737 0.670396 0.127922 0.647258
0 0.814868 0.558479 0.0637968 0.334549
0 0.392709 0.631335 0.0905187 0.555627
0 0.277225 0.559079 0.0774634 0.319407
0 0.924033 0.614684 0.104569 0.502031
0 0.972519 0.681506 0.0540749 0.620529
24 0.371275 0.542257 0.0682777 0.199022
0 0.659137 0.559804 0.0438563 0.326306
26 0.130095 0.68927 0.0645946 0.195437
0 0.877939 0.637776 0.047638 0.44566
0 0.457355 0.532599 0.0490492 0.248015
24 0.361957 0.565421 0.0494493 0.122499
0 0.784039 0.45794 0.0269148 0.084706
