0 0.178106 0.585481 0.079702 0.644745
0 0.566287 0.61957 0.187668 0.575059
0 0.668496 0.565192 0.0940668 0.746023
0 0.911256 0.501442 0.0875006 0.659821
0 0.039005 0.535869 0.0779095 0.731551
0 0.334188 0.54913 0.118316 0.73741
0 0.847741 0.54139 0.0894465 0.615383
0 0.758005 0.545948 0.0766343 0.693777
0 0.104729 0.550861 0.109654 0.738514
0 0.254604 0.547244 0.0905916 0.732538
0 0.711468 0.467519 0.0595314 0.575801
0 0.449258 0.49543 0.105621 0.745388
0 0.803849 0.497969 0.0603359 0.602049
0 0.509893 0.379394 0.0520547 0.325423
0 0.380953 0.518461 0.0539345 0.642937
0 0.974627 0.516093 0.0503388 0.483877
0 0.294023 0.251421 0.041723 0.140682
0 0.52802 0.248913 0.0367533 0.195648
0 0.201753 0.258599 0.0542711 0.228191
