0 0.101784 0.575261 0.157858 0.728365
0 0.166442 0.726342 0.202145 0.526178
0 0.653821 0.652188 0.125718 0.36117
0 0.268862 0.701996 0.1405 0.413722
0 0.378882 0.682591 0.12655 0.397622
0 0.793062 0.617959 0.0775065 0.428437
0 0.878672 0.733539 0.185106 0.470935
0 0.470876 0.666352 0.119992 0.352275
0 0.737177 0.694667 0.0714176 0.307565
0 0.552703 0.657959 0.112504 0.351628
0 0.713735 0.475621 0.0878088 0.265294
0 0.253207 0.457225 0.110524 0.301002
0 0.469443 0.431616 0.0845346 0.296792
0 0.306363 0.45912 0.0671048 0.298392
0 0.374123 0.463414 0.105107 0.263081
0 0.622496 0.456967 0.0841802 0.285099
0 0.786912 0.406598 0.0625166 0.196439
26 0.948773 0.920314 0.0826446 0.103901
0 0.555692 0.460507 0.0648816 0.19688
27 0.304852 0.46611 0.0320254 0.126045
