0 0.703248 0.548828 0.372832 0.671468
32 0.287732 0.823248 0.069042 0.101676
0 0.353531 0.500481 0.25442 0.750169
0 0.461302 0.525268 0.223066 0.697465
0 0.813946 0.342891 0.125709 0.166137
0 0.382364 0.226802 0.0928079 0.235709
0 0.0685345 0.0919105 0.103838 0.179287
0 0.157831 0.120218 0.0799545 0.2375
0 0.930696 0.354093 0.0717282 0.137147
0 0.968062 0.333805 0.0350283 0.183059
56 0.328855 0.0821809 0.0793095 0.0725995
56 0.138034 0.30267 0.0890372 0.132199
0 0.397456 0.169221 0.0648626 0.123435
56 0.0539005 0.301694 0.0811506 0.121173
