77 0.744937 0.577356 0.174868 0.194168
77 0.920929 0.436509 0.158142 0.206074
77 0.917381 0.552979 0.158692 0.204744
77 0.0724962 0.606027 0.143557 0.117186
77 0.23663 0.808551 0.182072 0.199082
77 0.915342 0.810478 0.165781 0.149678
77 0.499595 0.787508 0.226659 0.2305
77 0.277571 0.537793 0.215146 0.258184
77 0.635885 0.465725 0.131042 0.14263
77 0.23439 0.577895 0.128537 0.180188
77 0.503682 0.51218 0.334339 0.501579
77 0.138872 0.505496 0.200762 0.28748
77 0.795059 0.508021 0.130559 0.286868
