41 0.880575 0.639253 0.106773 0.26444
0 0.243738 0.454834 0.393819 0.906728
56 0.922479 0.360876 0.112122 0.259328
0 0.504856 0.0692413 0.0774835 0.135969
56 0.55924 0.25563 0.0883007 0.222437
0 0.408844 0.0790755 0.0754581 0.149046
41 0.706374 0.622406 0.0856489 0.206828
56 0.653258 0.300988 0.0847598 0.315091
56 0.812677 0.371882 0.174899 0.263241
60 0.514121 0.667245 0.968117 0.647373
56 0.203224 0.191204 0.0498657 0.116624
0 0.948604 0.228935 0.102055 0.449123
56 0.451503 0.310328 0.146343 0.347031
