56 0.131742 0.645452 0.263485 0.626134
56 0.69791 0.479998 0.200986 0.463263
0 0.354068 0.543278 0.26445 0.898302
0 0.667093 0.375417 0.245044 0.604189
56 0.83421 0.434485 0.168339 0.402387
0 0.518989 0.217135 0.077293 0.125196
41 0.477105 0.302923 0.0260366 0.0657757
0 0.436612 0.221478 0.0978453 0.158101
0 0.831903 0.251383 0.116837 0.28287
0 0.790804 0.19853 0.0655579 0.133422
56 0.226336 0.334099 0.0724276 0.116149
56 0.0620426 0.34263 0.123484 0.0795808
56 0.213925 0.512417 0.163855 0.408479
2 0.904221 0.180649 0.0495449 0.0353749
41 0.560236 0.293949 0.0191603 0.0550056
