0 0.893107 0.901365 0.13291 0.197232
0 0.673225 0.875863 0.109739 0.245675
0 0.41477 0.855693 0.058395 0.282857
0 0.152772 0.858298 0.0676144 0.281239
0 0.247163 0.866878 0.0855269 0.259047
0 0.36935 0.866509 0.0623928 0.262293
0 0.786954 0.927381 0.0906628 0.144157
0 0.522708 0.878085 0.114811 0.236313
0 0.732234 0.873636 0.0543933 0.245481
0 0.0204616 0.859861 0.0407329 0.217375
0 0.294802 0.825198 0.0531687 0.235382
0 0.604935 0.88243 0.0656599 0.229662
0 0.837389 0.820961 0.0630978 0.269015
0 0.0805784 0.860835 0.0534179 0.272868
0 0.334426 0.80165 0.0500262 0.233528
0 0.0477081 0.857346 0.0492819 0.265465
