0 0.458009 0.924597 0.0379074 0.150805
0 0.73699 0.916205 0.05667 0.164658
0 0.625515 0.919677 0.0271962 0.121874
0 0.565015 0.902992 0.0295748 0.120351
0 0.516316 0.911599 0.0255629 0.100204
0 0.332628 0.913252 0.0222932 0.10521
0 0.30424 0.909774 0.0362461 0.13748
0 0.219208 0.926657 0.0388465 0.146687
0 0.28171 0.920446 0.0295568 0.154396
0 0.395341 0.911911 0.0191186 0.0952993
0 0.351808 0.912623 0.0223659 0.0961626
0 0.411727 0.900971 0.0198441 0.0897656
0 0.777791 0.91993 0.0425929 0.160141
0 0.608576 0.911396 0.0182907 0.117946
6 0.0376459 0.817991 0.0752917 0.329287
