0 0.883066 0.782325 0.230459 0.423017
0 0.418499 0.628589 0.103232 0.222101
63 0.127373 0.61242 0.0631009 0.116693
39 0.762624 0.653845 0.0137533 0.06216
41 0.476324 0.775486 0.0225431 0.0529014
0 0.633296 0.65428 0.0969331 0.238105
27 0.865446 0.770182 0.051566 0.133065
0 0.0514944 0.646898 0.101691 0.300611
0 0.548608 0.633856 0.0802987 0.230434
0 0.165552 0.587515 0.0716129 0.159632
0 0.238581 0.690544 0.0928612 0.361101
58 0.82945 0.501643 0.0727546 0.136976
27 0.41648 0.632643 0.0120153 0.0936172
56 0.70643 0.662119 0.0641846 0.0553605
0 0.185946 0.539542 0.0483527 0.123426
27 0.40524 0.639678 0.0212295 0.106975
0 0.136731 0.567318 0.134711 0.212309
0 0.283327 0.728258 0.160066 0.307656
0 0.310134 0.541782 0.0510408 0.0729727
60 0.549033 0.841947 0.456618 0.260966
56 0.973496 0.598372 0.0519638 0.0912521
74 0.273082 0.351935 0.0196302 0.0364551
24 0.595482 0.780476 0.101404 0.1056
