0 0.747348 0.854726 0.180507 0.290547
0 0.329026 0.863793 0.14984 0.271148
0 0.861772 0.879617 0.113035 0.240015
0 0.140228 0.86096 0.121607 0.276898
0 0.589813 0.860068 0.142526 0.278883
0 0.224567 0.872502 0.0975487 0.253444
0 0.0275147 0.892978 0.0549899 0.21283
0 0.492859 0.885083 0.0675451 0.227822
0 0.54387 0.875679 0.0781569 0.24705
0 0.912771 0.644993 0.0968616 0.296828
0 0.525251 0.681417 0.0676132 0.292513
0 0.0880043 0.887147 0.0893509 0.224177
0 0.708569 0.680602 0.0804437 0.308627
0 0.131084 0.664935 0.101778 0.188307
