0 0.151674 0.601057 0.180469 0.334118
0 0.319613 0.571183 0.16475 0.377502
0 0.466695 0.568852 0.146872 0.42064
0 0.596928 0.567608 0.139682 0.301713
0 0.763404 0.631828 0.200164 0.459035
0 0.618865 0.408718 0.104658 0.247989
0 0.257689 0.434913 0.0826791 0.175845
77 0.559582 0.723997 0.09659 0.144034
39 0.477555 0.645515 0.0255311 0.0955444
39 0.379999 0.794682 0.0442448 0.137169
60 0.422997 0.873774 0.845993 0.251146
39 0.381874 0.70279 0.044008 0.107673
0 0.433657 0.411273 0.0730207 0.162519
55 0.242611 0.794071 0.0568492 0.0825888
