0 0.10355 0.692934 0.168092 0.176097
0 0.85475 0.732866 0.130291 0.182374
0 0.344335 0.675886 0.108197 0.120182
62 0.552162 0.302348 0.206632 0.302781
39 0.69959 0.807138 0.0267634 0.0842766
56 0.363241 0.770539 0.0869472 0.0775328
56 0.499004 0.908545 0.257477 0.182386
0 0.523304 0.59789 0.0548752 0.0691027
0 0.334012 0.585344 0.0513465 0.0669313
56 0.175819 0.892121 0.213792 0.214256
39 0.208646 0.76698 0.0210073 0.0602847
0 0.610669 0.602415 0.0598539 0.0716016
56 0.424929 0.775138 0.0660021 0.0846017
56 0.627212 0.784958 0.132867 0.0654728
39 0.943938 0.751533 0.0164379 0.0538437
56 0.263312 0.763125 0.0885431 0.0686483
39 0.462519 0.787915 0.0230352 0.0712039
0 0.395689 0.591747 0.0378231 0.0732671
63 0.609403 0.669728 0.0400785 0.0649619
39 0.792904 0.749417 0.0145016 0.0496654
56 0.849939 0.929621 0.292431 0.139624
0 0.449104 0.590544 0.0526722 0.0745763
0 0.660633 0.660482 0.0847754 0.0931112
63 0.550117 0.67519 0.0842478 0.077655
56 0.683421 0.731312 0.0659946 0.0582941
56 0.0292335 0.671428 0.0459887 0.0654202
63 0.182226 0.697863 0.0545859 0.0553239
62 0.900309 0.734264 0.0436939 0.0797952
