60 0.27676 0.934999 0.416196 0.129357
0 0.528035 0.886527 0.20751 0.225884
0 0.900443 0.773545 0.199114 0.211301
0 0.340826 0.822339 0.164578 0.126311
0 0.17605 0.61286 0.140632 0.297028
60 0.873479 0.930959 0.253041 0.137215
0 0.433283 0.750893 0.188627 0.171053
0 0.154079 0.867092 0.177782 0.203125
0 0.64273 0.765847 0.214103 0.17949
56 0.661076 0.871314 0.191315 0.186665
41 0.143162 0.919039 0.0268559 0.0389267
41 0.170133 0.92623 0.0314927 0.0370381
41 0.234034 0.98821 0.0541833 0.0228798
0 0.78267 0.684422 0.116533 0.165177
0 0.517377 0.655707 0.143133 0.0986547
0 0.233772 0.568887 0.0846218 0.190661
45 0.307094 0.976934 0.0670339 0.0362453
0 0.885913 0.328345 0.0454387 0.105955
56 0.794218 0.794822 0.0656319 0.15407
0 0.772338 0.451353 0.10287 0.13261
0 0.441112 0.59769 0.10885 0.121644
41 0.201812 0.971217 0.0364632 0.051424
