0 0.85899 0.748072 0.280361 0.501561
0 0.290488 0.454583 0.220977 0.524393
0 0.0964434 0.533814 0.192777 0.907485
0 0.843466 0.612342 0.190754 0.344204
0 0.62229 0.368291 0.138685 0.248578
41 0.671976 0.786538 0.061075 0.113247
0 0.734519 0.495905 0.194767 0.289072
39 0.51251 0.41665 0.0161781 0.0901325
39 0.588227 0.856962 0.0596266 0.151878
45 0.517042 0.524736 0.0613193 0.0524042
39 0.529078 0.425929 0.0197774 0.0840561
0 0.706639 0.427829 0.127298 0.279306
56 0.148645 0.474248 0.0776599 0.280425
39 0.497296 0.407239 0.0193464 0.106377
