0 0.293945 0.485203 0.250667 0.911968
32 0.263134 0.525902 0.0792465 0.118418
32 0.961572 0.666362 0.0758762 0.234054
0 0.712496 0.489785 0.575008 0.947514
0 0.0962331 0.185185 0.112642 0.161889
0 0.919225 0.338059 0.160497 0.635022
0 0.608232 0.174947 0.0660086 0.157967
0 0.549686 0.133978 0.0836242 0.196159
0 0.546485 0.230499 0.0655802 0.0663318
0 0.0324563 0.112131 0.064698 0.21959
35 0.475829 0.800771 0.094439 0.108357
0 0.456006 0.129677 0.0878579 0.246091
0 0.491573 0.221701 0.0472834 0.077186
0 0.969893 0.0923023 0.0596036 0.175145
