0 0.408134 0.713229 0.0810179 0.573541
0 0.141957 0.717572 0.0932154 0.564856
0 0.776239 0.749597 0.0641308 0.500806
0 0.647138 0.746117 0.0651146 0.507766
0 0.343979 0.748738 0.0852953 0.502524
0 0.831038 0.732821 0.0646689 0.534359
0 0.706594 0.756569 0.0675478 0.486863
0 0.459978 0.707404 0.0662598 0.585192
0 0.589179 0.757625 0.0750279 0.484749
0 0.535936 0.758515 0.0715912 0.482969
0 0.295506 0.728281 0.0590087 0.543439
0 0.856082 0.535379 0.0903027 0.679674
0 0.234971 0.719028 0.0801509 0.561945
0 0.179932 0.592034 0.0551826 0.498462
0 0.38924 0.288582 0.099468 0.370855
0 0.74642 0.309361 0.10128 0.397961
0 0.502113 0.326157 0.095122 0.428122
0 0.618921 0.356218 0.0970644 0.338119
0 0.32679 0.452976 0.0716858 0.240524
