0 0.507582 0.524907 0.483061 0.635602
0 0.801878 0.464762 0.306104 0.674436
0 0.904669 0.229463 0.157756 0.324879
0 0.189501 0.428915 0.328553 0.709176
0 0.125499 0.310023 0.0607454 0.143809
0 0.405755 0.321007 0.0514405 0.141876
67 0.131021 0.508556 0.0740544 0.173718
0 0.048262 0.329934 0.096524 0.247968
0 0.327352 0.31311 0.0624556 0.138704
60 0.522793 0.896039 0.941543 0.204418
0 0.626582 0.328329 0.0679138 0.205191
42 0.924522 0.903257 0.0581549 0.098226
73 0.447469 0.874122 0.260584 0.179407
