0 0.872853 0.712678 0.07857 0.461639
0 0.22603 0.715304 0.0546858 0.237081
0 0.770388 0.658613 0.0628462 0.310363
17 0.351953 0.757724 0.0803877 0.22923
17 0.755222 0.809468 0.108392 0.275777
0 0.932943 0.730917 0.0669647 0.378257
0 0.453021 0.708287 0.0322086 0.0919035
0 0.688263 0.644863 0.0520353 0.20409
0 0.345901 0.627991 0.0471478 0.149416
0 0.727172 0.647512 0.0331333 0.157012
0 0.0768897 0.693432 0.0690068 0.353021
0 0.298725 0.729436 0.047675 0.235276
0 0.305296 0.668503 0.0342558 0.11503
0 0.618184 0.678682 0.0424399 0.161383
0 0.175426 0.705013 0.0661198 0.319861
17 0.873635 0.729446 0.0838327 0.454866
