0 0.179041 0.585764 0.117768 0.646434
0 0.0815869 0.579616 0.127892 0.641319
0 0.922394 0.6133 0.114988 0.708534
0 0.756951 0.636888 0.114143 0.614465
0 0.337803 0.621036 0.13819 0.629159
0 0.254338 0.612027 0.110542 0.626565
0 0.624774 0.619044 0.0913082 0.584198
0 0.550073 0.66162 0.096377 0.516177
0 0.461637 0.599055 0.12063 0.619691
0 0.675278 0.622643 0.0876882 0.641819
0 0.798576 0.596566 0.0874957 0.641924
0 0.306161 0.34462 0.0573334 0.151834
38 0.720848 0.727138 0.044664 0.152344
0 0.408175 0.370049 0.0792957 0.172412
0 0.40659 0.509171 0.072038 0.449988
