0 0.636586 0.960296 0.0254182 0.0778675
0 0.0865829 0.923993 0.0527894 0.148525
0 0.713965 0.502767 0.0223154 0.0776758
0 0.673565 0.866035 0.0273021 0.0936312
0 0.371144 0.527303 0.0231938 0.0753294
0 0.692103 0.502581 0.0205414 0.0750912
0 0.247955 0.661905 0.0398762 0.116861
0 0.418183 0.534022 0.0212807 0.0830813
0 0.400467 0.490831 0.0188723 0.0679803
0 0.58897 0.754401 0.0215053 0.0777189
0 0.622368 0.745558 0.0203287 0.0666041
0 0.639963 0.520316 0.0191142 0.0767429
0 0.838533 0.594941 0.0312531 0.0802116
0 0.119505 0.257461 0.0323976 0.047906
0 0.573507 0.504635 0.0197088 0.0761142
0 0.142224 0.261499 0.0171672 0.0404014
0 0.20763 0.621904 0.0231672 0.0969432
0 0.621442 0.516455 0.0188906 0.0749808
0 0.344612 0.45934 0.0207493 0.0482314
0 0.700557 0.823553 0.0244051 0.0990759
0 0.654374 0.795285 0.0203935 0.0736021
