0 0.573583 0.823751 0.134136 0.351375
0 0.35549 0.754422 0.283717 0.488967
0 0.0332517 0.823055 0.0665033 0.350848
0 0.125944 0.815645 0.09115 0.367107
25 0.0422105 0.55876 0.0842154 0.11886
0 0.726893 0.730885 0.0500263 0.167563
0 0.265674 0.802703 0.127708 0.391725
25 0.939267 0.231215 0.120451 0.120598
0 0.653194 0.72702 0.0529086 0.182248
25 0.807433 0.604676 0.38413 0.748748
25 0.582166 0.598012 0.14255 0.0750731
0 0.0655744 0.772887 0.0511892 0.253161
25 0.132597 0.52794 0.228664 0.118673
0 0.763516 0.7214 0.0270987 0.161462
25 0.196804 0.41384 0.31066 0.179734
26 0.0834208 0.948545 0.115631 0.101854
0 0.609009 0.711041 0.0372097 0.132424
26 0.188581 0.938389 0.0604345 0.121644
25 0.859095 0.499704 0.28181 0.083262
