0 0.100938 0.2547 0.200917 0.499448
0 0.746869 0.266275 0.157997 0.52329
0 0.584641 0.259296 0.160407 0.511573
0 0.0863723 0.754762 0.172304 0.477192
0 0.425638 0.253717 0.163322 0.505045
0 0.914254 0.734004 0.169971 0.523549
0 0.416946 0.771017 0.139501 0.452064
0 0.254168 0.71834 0.149482 0.548859
0 0.269489 0.229547 0.141057 0.414082
0 0.572134 0.758504 0.180258 0.462994
0 0.741987 0.76879 0.175233 0.455058
0 0.911328 0.236998 0.177263 0.469283
0 0.320734 0.703659 0.0484614 0.569564
27 0.421042 0.382766 0.0424133 0.235942
