0 0.522834 0.565271 0.199317 0.294857
0 0.118325 0.550277 0.189131 0.343744
0 0.5467 0.919442 0.124895 0.160164
0 0.40324 0.238146 0.101976 0.297927
0 0.0826892 0.899794 0.121323 0.199142
0 0.606166 0.232323 0.110273 0.289422
0 0.64416 0.93642 0.0657066 0.125965
0 0.815507 0.0972204 0.125345 0.175465
0 0.182021 0.911832 0.102976 0.175587
0 0.910264 0.098987 0.0820904 0.132099
0 0.660153 0.576003 0.117453 0.273438
0 0.343058 0.219738 0.0957809 0.335658
0 0.164215 0.17204 0.0604942 0.18983
0 0.520151 0.224653 0.102237 0.310212
0 0.926057 0.558585 0.130002 0.285255
0 0.354568 0.946628 0.0709288 0.105862
0 0.24691 0.926415 0.0634287 0.146241
0 0.808177 0.59402 0.158401 0.244267
0 0.115833 0.160727 0.0516446 0.213453
0 0.40721 0.936897 0.0659076 0.124461
0 0.465841 0.944696 0.0442139 0.109188
0 0.595145 0.936639 0.0527968 0.125351
0 0.060375 0.195688 0.101989 0.153358
0 0.499623 0.946444 0.0452656 0.104444
0 0.785204 0.451181 0.0684978 0.0843198
0 0.831992 0.463945 0.0373608 0.0899618
0 0.843021 0.497127 0.0591289 0.157011
0 0.312799 0.94322 0.04319 0.112966
