0 0.359121 0.436382 0.179265 0.851669
0 0.122021 0.681822 0.243184 0.622931
0 0.95092 0.295278 0.097053 0.410176
0 0.871745 0.255822 0.11175 0.481252
0 0.289477 0.629342 0.169498 0.67406
0 0.497458 0.794401 0.106795 0.31854
0 0.562433 0.321573 0.115466 0.361178
0 0.575352 0.771594 0.133523 0.442532
0 0.847022 0.767314 0.0583107 0.250585
0 0.653441 0.788269 0.0533508 0.418947
39 0.273621 0.602201 0.0259679 0.228786
0 0.70399 0.823983 0.0722481 0.333284
0 0.111785 0.371768 0.15717 0.667897
0 0.904545 0.759409 0.0524551 0.186743
0 0.668938 0.371724 0.029929 0.196838
0 0.963079 0.804505 0.0730122 0.297124
0 0.750392 0.814874 0.0464937 0.132188
0 0.692431 0.36539 0.0336951 0.211778
0 0.781891 0.868266 0.0693231 0.253446
