1 0.567253 0.716796 0.321825 0.300515
0 0.341605 0.622734 0.166163 0.475359
0 0.789111 0.602328 0.146392 0.405518
2 0.0379802 0.48547 0.075907 0.0730357
0 0.520962 0.623672 0.125595 0.465587
1 0.789895 0.728471 0.149897 0.36452
0 0.616485 0.615654 0.172462 0.471121
1 0.341974 0.763171 0.17622 0.339316
0 0.413046 0.504117 0.0369967 0.174334
2 0.127028 0.458309 0.0567495 0.028754
0 0.670164 0.457348 0.0340323 0.139921
0 0.723025 0.469912 0.0455543 0.147411
2 0.391676 0.440172 0.0779453 0.0698236
2 0.784305 0.424934 0.152829 0.135896
0 0.615242 0.477411 0.167723 0.202255
