75 0.846862 0.250539 0.104923 0.214446
39 0.342694 0.303093 0.0499619 0.257451
40 0.256493 0.33588 0.0805364 0.20067
39 0.578139 0.324249 0.0603039 0.228317
39 0.158334 0.355989 0.0661406 0.280712
45 0.397079 0.746355 0.0987341 0.0844137
45 0.730729 0.511672 0.237631 0.220683
45 0.24668 0.582115 0.332832 0.183425
60 0.536858 0.666611 0.923117 0.577265
45 0.576517 0.626921 0.363187 0.256487
45 0.465027 0.777566 0.0926771 0.0864012
50 0.547463 0.69597 0.0731531 0.0611348
45 0.187002 0.767609 0.370313 0.209547
39 0.534283 0.361763 0.0647823 0.165532
45 0.835679 0.724633 0.176635 0.101785
50 0.245786 0.70544 0.0845631 0.0703414
48 0.561449 0.592116 0.268643 0.273253
58 0.825112 0.179624 0.155252 0.357406
45 0.358124 0.701926 0.080343 0.0648799
45 0.881399 0.583673 0.169295 0.166997
