0 0.487028 0.53341 0.470841 0.91178
40 0.0572168 0.547082 0.0393959 0.111663
41 0.728398 0.626022 0.0382078 0.114876
56 0.882925 0.870932 0.233036 0.235952
56 0.276787 0.561927 0.136623 0.36968
56 0.177393 0.682788 0.343315 0.60892
56 0.147411 0.870081 0.287194 0.240946
60 0.10844 0.659572 0.216844 0.271608
56 0.089908 0.488187 0.172237 0.143181
75 0.930903 0.28915 0.0536701 0.181239
56 0.299451 0.444113 0.092205 0.131216
58 0.897604 0.210115 0.204155 0.42023
41 0.819491 0.483929 0.0375584 0.103129
39 0.964969 0.592672 0.0629246 0.252505
