0 0.248334 0.750044 0.152511 0.482029
0 0.833665 0.573093 0.329591 0.819149
0 0.381774 0.396606 0.0937487 0.194456
0 0.121218 0.265026 0.0997444 0.438479
0 0.223352 0.239496 0.107894 0.345546
0 0.155182 0.815636 0.100262 0.347163
0 0.0715171 0.828016 0.111434 0.320426
0 0.598711 0.248314 0.13226 0.485689
0 0.48953 0.797411 0.194159 0.379373
0 0.484647 0.290842 0.0820183 0.388307
0 0.537079 0.338328 0.117821 0.313667
0 0.807701 0.483529 0.267372 0.432264
57 0.502343 0.742755 0.324998 0.484541
0 0.418147 0.357491 0.0569929 0.165315
6 0.831837 0.496936 0.336326 0.988309
