0 0.454804 0.867521 0.0833237 0.26331
0 0.406194 0.19823 0.0739458 0.283646
0 0.187682 0.780104 0.0464422 0.198808
0 0.262416 0.729108 0.0876764 0.319425
0 0.76568 0.187731 0.092687 0.266669
0 0.0831658 0.819915 0.066826 0.25664
0 0.0290281 0.810913 0.0580563 0.255741
0 0.903679 0.258203 0.0549794 0.219264
0 0.307567 0.25651 0.0446816 0.183222
0 0.135894 0.794037 0.0577604 0.218968
0 0.707574 0.954144 0.0649175 0.0917119
0 0.3646 0.860087 0.055213 0.257446
0 0.317155 0.823474 0.0448779 0.227112
0 0.701778 0.246967 0.047758 0.179819
0 0.472161 0.247534 0.0586096 0.209081
0 0.659334 0.268046 0.0473486 0.177731
0 0.0605655 0.413478 0.115977 0.21686
0 0.630394 0.693199 0.0685022 0.161212
0 0.855682 0.24732 0.0496719 0.207809
0 0.351613 0.2416 0.0471232 0.184777
0 0.114122 0.182473 0.0639367 0.253942
0 0.60283 0.266956 0.0518883 0.170156
0 0.255972 0.25457 0.0377665 0.175079
0 0.748108 0.687869 0.0483621 0.105076
16 0.876055 0.928732 0.121084 0.142535
0 0.794706 0.679068 0.057621 0.121801
0 0.592833 0.734307 0.064453 0.140809
0 0.679193 0.696775 0.0495362 0.114891
0 0.71657 0.640352 0.0556772 0.175048
0 0.925995 0.874701 0.08073 0.227156
0 0.814074 0.2349 0.0410528 0.17722
0 0.977298 0.260076 0.0448937 0.223964
0 0.54259 0.876851 0.0900837 0.126419
0 0.845248 0.710038 0.0641609 0.174831
0 0.139172 0.404236 0.0725085 0.2317
26 0.0464502 0.799676 0.0374904 0.0907709
0 0.183241 0.38631 0.0721102 0.268366
0 0.54599 0.296233 0.0584749 0.159476
0 0.923679 0.65088 0.0704021 0.149021
0 0.878788 0.930416 0.121327 0.138977
