60 0.501318 0.790823 0.997364 0.415298
40 0.921999 0.652665 0.0678785 0.0759467
40 0.457949 0.89027 0.128301 0.213979
39 0.317851 0.662133 0.0820545 0.211537
40 0.937301 0.870426 0.121934 0.204231
41 0.156902 0.820505 0.105721 0.12966
40 0.905907 0.814805 0.103251 0.18502
58 0.655937 0.510541 0.455868 0.242471
40 0.567086 0.915703 0.134162 0.163628
41 0.722299 0.890173 0.157096 0.115918
40 0.858485 0.656846 0.0635239 0.106111
40 0.212938 0.775366 0.0748473 0.163449
40 0.414201 0.636144 0.0716725 0.0900574
41 0.414204 0.636589 0.0723807 0.093976
44 0.274029 0.944632 0.239854 0.0654596
40 0.197172 0.661 0.0851177 0.076661
40 0.550476 0.7959 0.134733 0.106806
41 0.572454 0.913441 0.121039 0.160503
56 0.419496 0.438992 0.194854 0.0895094
41 0.780263 0.665397 0.0776788 0.0481941
