0 0.685857 0.336269 0.22495 0.516074
0 0.385829 0.770954 0.213986 0.247355
0 0.595797 0.770364 0.128363 0.255013
0 0.110039 0.776042 0.203112 0.241105
0 0.231427 0.391705 0.158037 0.405147
0 0.532857 0.448604 0.169583 0.295525
0 0.296981 0.476882 0.11714 0.237506
0 0.396796 0.417171 0.162792 0.355252
27 0.525374 0.206899 0.0218516 0.0593207
0 0.686777 0.82284 0.103627 0.149807
0 0.815781 0.718137 0.094986 0.118569
0 0.808437 0.807506 0.116826 0.177722
27 0.224271 0.3473 0.0310947 0.133096
0 0.733493 0.750881 0.0869125 0.179175
0 0.344437 0.230572 0.147407 0.230678
0 0.673295 0.753477 0.0474205 0.120369
0 0.545181 0.247998 0.180348 0.337207
0 0.871642 0.797127 0.03971 0.152708
0 0.147464 0.751812 0.0934533 0.147427
0 0.439166 0.228308 0.068497 0.181813
0 0.762657 0.835128 0.0526793 0.125121
0 0.875631 0.694954 0.0416038 0.0672063
