0 0.922738 0.283879 0.109152 0.555097
0 0.808538 0.286641 0.107031 0.545329
0 0.538065 0.397787 0.0793814 0.173374
0 0.102654 0.432856 0.107756 0.253089
0 0.635378 0.577969 0.226073 0.84382
0 0.305243 0.219547 0.0824007 0.392246
0 0.0703909 0.219019 0.0905965 0.417548
0 0.219216 0.2099 0.0891599 0.385953
0 0.977419 0.27704 0.0445444 0.53873
0 0.517047 0.248394 0.08758 0.403148
0 0.0305362 0.414612 0.0610573 0.247866
0 0.37104 0.156504 0.0725585 0.304078
0 0.439766 0.446585 0.0880186 0.170795
0 0.133127 0.228587 0.0710084 0.417513
0 0.432443 0.245603 0.0943067 0.462255
0 0.203435 0.445019 0.136917 0.27442
56 0.683068 0.877802 0.174213 0.238079
0 0.748778 0.29503 0.0584887 0.49929
0 0.577926 0.0991062 0.0527473 0.140377
