0 0.586178 0.827625 0.183919 0.342655
0 0.171028 0.754084 0.214806 0.490843
0 0.056904 0.738158 0.113808 0.522175
0 0.485343 0.775541 0.114413 0.35129
0 0.792844 0.822503 0.152439 0.354133
0 0.347577 0.740242 0.134395 0.295914
0 0.569456 0.730869 0.0730674 0.201607
0 0.608685 0.4723 0.018908 0.0675516
0 0.473051 0.46005 0.0171391 0.0582716
0 0.867905 0.742989 0.135847 0.268577
0 0.353653 0.480863 0.0286721 0.0953235
0 0.0953581 0.559265 0.0545775 0.134899
0 0.576332 0.46626 0.0165664 0.0655513
0 0.529688 0.473894 0.0187264 0.074485
0 0.737593 0.464438 0.0208521 0.0819437
0 0.0805706 0.454059 0.0150654 0.0541722
0 0.135308 0.562754 0.0473046 0.120266
0 0.229927 0.573327 0.0537792 0.109635
