0 0.397262 0.747196 0.219306 0.504455
0 0.381679 0.550338 0.253354 0.642231
0 0.667698 0.478204 0.123105 0.357863
0 0.859409 0.529773 0.157068 0.478471
0 0.954271 0.300563 0.0909006 0.576848
0 0.118225 0.439237 0.146399 0.474135
0 0.576497 0.913671 0.192356 0.171271
0 0.312037 0.194444 0.136276 0.386945
0 0.154115 0.860131 0.305741 0.27869
0 0.819288 0.790276 0.163533 0.417962
0 0.0407819 0.1807 0.081508 0.35955
0 0.16691 0.153324 0.0926174 0.306648
0 0.0839222 0.714004 0.167844 0.460531
0 0.118511 0.230336 0.110423 0.331521
0 0.927051 0.138423 0.0907612 0.276846
0 0.690682 0.784417 0.422392 0.428698
0 0.866929 0.183823 0.0457333 0.205873
0 0.21731 0.804247 0.154122 0.279423
