0 0.0923893 0.784274 0.184771 0.418281
41 0.240321 0.9276 0.0282628 0.11649
0 0.341902 0.688922 0.132212 0.332351
56 0.226757 0.810393 0.102425 0.192661
0 0.559498 0.672584 0.143757 0.340693
0 0.20947 0.675622 0.1637 0.367516
60 0.47588 0.862487 0.751364 0.268326
0 0.89062 0.796198 0.218251 0.39426
0 0.0272365 0.850924 0.0541689 0.293368
39 0.41358 0.931702 0.0334574 0.134865
40 0.57494 0.837653 0.0295947 0.131657
40 0.326383 0.843787 0.0265141 0.0917895
46 0.925336 0.184065 0.0519096 0.0843204
0 0.70981 0.739338 0.173934 0.35273
41 0.677226 0.937671 0.030329 0.111757
41 0.526986 0.848442 0.0274882 0.10534
0 0.0211071 0.465625 0.0422142 0.238116
0 0.195608 0.388425 0.123259 0.261679
0 0.145002 0.623463 0.0833923 0.192686
0 0.121827 0.392315 0.0531871 0.209944
41 0.648399 0.94219 0.0387239 0.115619
