0 0.113937 0.667291 0.227695 0.645201
0 0.925183 0.633529 0.14841 0.693303
0 0.78809 0.612568 0.130019 0.518597
0 0.323824 0.529787 0.0727983 0.270196
0 0.414862 0.547524 0.0554791 0.317583
0 0.470169 0.55825 0.0638904 0.321826
26 0.643634 0.588298 0.0596739 0.215778
0 0.518627 0.546222 0.0575691 0.317349
0 0.236693 0.475309 0.0524687 0.17597
0 0.278862 0.466262 0.0385451 0.183476
0 0.617226 0.593652 0.0765724 0.480467
0 0.377183 0.516819 0.052299 0.246028
0 0.146855 0.513049 0.0667865 0.268266
0 0.576095 0.578394 0.0550654 0.403992
0 0.866283 0.557926 0.106303 0.443489
0 0.686343 0.517889 0.0529644 0.339142
