54 0.567014 0.755851 0.199251 0.155342
54 0.365755 0.731329 0.197488 0.157088
54 0.449448 0.324074 0.159787 0.111855
54 0.443097 0.440186 0.171012 0.143562
54 0.587485 0.599611 0.178424 0.142622
54 0.600817 0.470385 0.160178 0.119075
54 0.407446 0.576695 0.187207 0.14619
54 0.172207 0.714977 0.194504 0.156718
54 0.272467 0.432604 0.164986 0.135629
54 0.297262 0.317488 0.151224 0.119046
54 0.497813 0.142407 0.135612 0.103263
54 0.629979 0.242893 0.145159 0.0990816
54 0.334929 0.219622 0.142552 0.118433
54 0.472232 0.234901 0.148194 0.104494
54 0.615441 0.345185 0.169602 0.127645
54 0.223462 0.562927 0.176419 0.133161
54 0.638329 0.155583 0.140318 0.0921003
54 0.362561 0.129522 0.140892 0.111677
