0 0.714553 0.767684 0.314855 0.449259
0 0.268038 0.798915 0.37624 0.389814
0 0.367451 0.464249 0.591292 0.76643
0 0.8324 0.431876 0.222851 0.650767
0 0.924143 0.854788 0.150732 0.286054
0 0.812562 0.738301 0.106446 0.350249
0 0.970663 0.779243 0.0581959 0.319397
0 0.0860798 0.826726 0.146775 0.333853
0 0.487154 0.836436 0.138885 0.321413
0 0.593258 0.541969 0.174713 0.490436
0 0.945088 0.627567 0.108553 0.290266
0 0.155174 0.522622 0.151251 0.258921
0 0.946625 0.257178 0.0851482 0.134443
0 0.965715 0.404391 0.0677021 0.216419
0 0.10399 0.55603 0.207981 0.355733
