0 0.0684977 0.608955 0.128891 0.766833
0 0.663083 0.784539 0.178254 0.423862
0 0.187101 0.637767 0.125572 0.712315
0 0.473625 0.759281 0.198406 0.471694
0 0.39985 0.622464 0.0921131 0.554282
0 0.303499 0.615617 0.109182 0.582497
0 0.87238 0.659642 0.102872 0.663616
0 0.797033 0.655585 0.101388 0.676598
0 0.950467 0.660568 0.0988455 0.678865
0 0.72095 0.597912 0.0912618 0.517757
0 0.622858 0.488552 0.109708 0.371077
0 0.551673 0.340706 0.100333 0.217674
0 0.214824 0.204345 0.121092 0.260196
0 0.85696 0.221295 0.126681 0.259154
0 0.562751 0.539974 0.0981439 0.380605
56 0.0183866 0.83162 0.0366688 0.250821
0 0.481363 0.46478 0.0868694 0.242199
58 0.314756 0.913825 0.133269 0.17235
0 0.234858 0.599214 0.081534 0.625035
