0 0.165857 0.481448 0.331714 0.878523
0 0.472385 0.436262 0.202785 0.644204
0 0.898399 0.614152 0.201692 0.388338
45 0.582846 0.909999 0.178105 0.154838
0 0.702323 0.5516 0.184265 0.378073
60 0.524241 0.845121 0.942786 0.289351
45 0.397499 0.960012 0.14587 0.0799756
45 0.915067 0.936496 0.169865 0.12234
56 0.36026 0.640011 0.070332 0.287814
41 0.216555 0.965806 0.0705767 0.064823
45 0.815465 0.869894 0.127777 0.0980045
41 0.811876 0.784554 0.0404448 0.0548394
45 0.519041 0.827328 0.0528345 0.0631714
41 0.701892 0.75945 0.0462893 0.0599759
41 0.0335957 0.966981 0.0671915 0.0659451
41 0.51909 0.827883 0.053137 0.0644878
45 0.378287 0.824052 0.0509991 0.0870558
0 0.0479251 0.858043 0.0958166 0.270539
41 0.423199 0.878393 0.0944543 0.120919
45 0.414527 0.782407 0.0604185 0.050818
45 0.767868 0.935801 0.195518 0.128398
45 0.811794 0.782879 0.0396538 0.0520516
41 0.235266 0.937617 0.0504564 0.111523
43 0.861362 0.811431 0.0369226 0.0644543
56 0.635648 0.607138 0.0664998 0.231471
