0 0.791832 0.766092 0.203752 0.458923
0 0.117441 0.538048 0.20493 0.910543
0 0.598939 0.610182 0.223456 0.754392
0 0.249925 0.766275 0.161949 0.46261
0 0.821741 0.553227 0.243235 0.554536
0 0.418109 0.651004 0.218531 0.691081
27 0.568168 0.618256 0.0432425 0.315584
0 0.295317 0.442567 0.131869 0.514934
0 0.464829 0.324939 0.110966 0.336138
0 0.695006 0.38773 0.123566 0.244786
0 0.758466 0.306257 0.0792553 0.221616
27 0.394005 0.594815 0.030464 0.164077
0 0.903212 0.535574 0.140012 0.604988
0 0.37757 0.242281 0.0744822 0.173824
0 0.659933 0.292406 0.089504 0.231431
27 0.226305 0.376875 0.026858 0.198105
27 0.884749 0.416124 0.0176792 0.0900352
0 0.409427 0.209194 0.0492024 0.191688
27 0.129764 0.284541 0.0284134 0.0516614
0 0.515562 0.223844 0.0893648 0.24242
0 0.221516 0.323879 0.110274 0.396911
56 0.919277 0.890747 0.0858059 0.208987
