0 0.313057 0.307703 0.14029 0.349547
0 0.652314 0.196931 0.13316 0.293796
0 0.793872 0.184876 0.12239 0.180987
0 0.232082 0.254838 0.114473 0.322645
0 0.407371 0.310497 0.0901045 0.453344
0 0.927792 0.13167 0.125439 0.159682
0 0.471786 0.358408 0.148142 0.381388
0 0.10512 0.251556 0.150103 0.289066
0 0.552111 0.240928 0.0953424 0.212287
2 0.492437 0.647551 0.979998 0.654329
0 0.727526 0.229065 0.0340679 0.0967215
2 0.519921 0.165368 0.166336 0.121799
0 0.0527135 0.246189 0.0563976 0.226512
0 0.84094 0.163471 0.0516636 0.0984494
2 0.774457 0.53463 0.449608 0.682219
0 0.0149249 0.247246 0.0297836 0.111187
7 0.503828 0.576166 0.989349 0.779166
26 0.423343 0.402216 0.0367766 0.174626
