0 0.36893 0.614524 0.214283 0.735116
0 0.555084 0.645383 0.177947 0.705705
27 0.557312 0.494467 0.0226347 0.121146
0 0.172446 0.535656 0.200088 0.597698
0 0.0465364 0.559378 0.0930729 0.639841
27 0.264305 0.430623 0.0203117 0.0817036
27 0.0105613 0.447927 0.0211226 0.107105
0 0.0603377 0.341952 0.0873136 0.229758
0 0.942842 0.631601 0.113857 0.72925
0 0.760083 0.627445 0.424605 0.744178
0 0.823761 0.365708 0.168233 0.223514
0 0.72122 0.39692 0.157172 0.16479
0 0.253889 0.556186 0.0900681 0.602069
0 0.258497 0.367356 0.0948949 0.223637
