0 0.0965715 0.61128 0.192059 0.527887
0 0.394583 0.39748 0.20092 0.3474
0 0.266823 0.702709 0.189705 0.41733
27 0.416996 0.374863 0.0297623 0.114983
0 0.409295 0.694728 0.190453 0.411265
0 0.594928 0.423528 0.163543 0.309893
0 0.820631 0.575411 0.193498 0.423298
0 0.739384 0.407098 0.147393 0.283556
27 0.738603 0.393042 0.0247939 0.117652
0 0.237505 0.419046 0.16192 0.335309
0 0.521243 0.660423 0.142538 0.358869
27 0.806528 0.491134 0.0366465 0.10479
0 0.681679 0.69639 0.246752 0.385971
27 0.608003 0.37336 0.0224772 0.0674415
0 0.732831 0.635821 0.136285 0.280751
27 0.255836 0.372801 0.0249218 0.0766181
