0 0.248132 0.650078 0.407184 0.679128
0 0.641714 0.575048 0.415474 0.821516
67 0.168745 0.647185 0.068921 0.11428
0 0.513004 0.324573 0.139766 0.318491
0 0.402023 0.339417 0.129151 0.350682
67 0.842494 0.444439 0.100215 0.19484
0 0.756417 0.325778 0.120177 0.284437
0 0.145055 0.507727 0.140931 0.398748
0 0.849029 0.576266 0.298909 0.820882
41 0.843664 0.446994 0.0973606 0.195476
0 0.0957073 0.411771 0.100167 0.343955
0 0.845964 0.254638 0.0830902 0.18805
0 0.574816 0.429756 0.281606 0.527994
0 0.485583 0.23009 0.10883 0.228772
