0 0.798763 0.71294 0.204052 0.573997
0 0.164343 0.556526 0.328623 0.569587
0 0.249562 0.42356 0.190148 0.341808
0 0.496342 0.335536 0.210864 0.200512
60 0.40246 0.697329 0.764733 0.597516
56 0.852287 0.475422 0.0838448 0.132408
41 0.54441 0.530031 0.033795 0.0902415
41 0.5215 0.674335 0.0435896 0.116578
41 0.310016 0.862961 0.0795548 0.173253
56 0.915931 0.832665 0.167496 0.332904
39 0.52012 0.838576 0.0567072 0.149597
41 0.512161 0.517374 0.0345212 0.085071
0 0.328623 0.361231 0.158762 0.220578
56 0.889831 0.623732 0.0708685 0.206468
0 0.721315 0.477378 0.275413 0.411949
41 0.409931 0.52306 0.0349364 0.0822157
41 0.441304 0.50703 0.0290394 0.0637222
0 0.638189 0.315881 0.200047 0.324648
41 0.477778 0.482542 0.0237862 0.0583317
56 0.946082 0.428264 0.106889 0.217589
41 0.406261 0.721147 0.0492373 0.0774335
