54 0.529299 0.480949 0.233212 0.228271
54 0.535379 0.745028 0.248465 0.219618
39 0.842316 0.706568 0.242954 0.490599
45 0.890863 0.166309 0.153821 0.205634
0 0.788652 0.812092 0.231097 0.33918
60 0.833961 0.226734 0.322481 0.42446
54 0.439223 0.646707 0.177248 0.199731
54 0.247063 0.447182 0.176815 0.240038
54 0.419511 0.411917 0.0951969 0.258707
54 0.926374 0.521274 0.0987549 0.0920324
52 0.341173 0.443098 0.140936 0.327305
54 0.328824 0.786145 0.159785 0.170713
44 0.832522 0.261766 0.286862 0.19727
54 0.591474 0.586149 0.144045 0.116552
45 0.758007 0.259821 0.160128 0.226705
54 0.492469 0.282359 0.186637 0.208456
54 0.253006 0.264289 0.16781 0.205386
