0 0.283424 0.550686 0.170348 0.276446
2 0.877293 0.590202 0.244165 0.326413
0 0.126056 0.691871 0.251583 0.596749
2 0.740674 0.502609 0.129108 0.17926
0 0.319972 0.445486 0.11658 0.200686
0 0.627085 0.566917 0.322038 0.43806
0 0.415212 0.46384 0.0762338 0.311647
0 0.459132 0.481199 0.182739 0.366095
39 0.699098 0.946672 0.0295364 0.105125
2 0.201971 0.483608 0.0843937 0.119202
39 0.723452 0.957021 0.0275732 0.0843001
56 0.418671 0.878463 0.183897 0.23255
39 0.791117 0.930804 0.0336937 0.131255
0 0.355135 0.465953 0.19209 0.317263
2 0.949209 0.400061 0.10115 0.0666647
