0 0.292043 0.312498 0.132457 0.496373
0 0.615528 0.401037 0.172271 0.522013
0 0.755599 0.685525 0.337548 0.609507
0 0.433189 0.318331 0.229112 0.569522
0 0.802005 0.421621 0.20656 0.500196
0 0.237568 0.757076 0.337742 0.476374
0 0.960438 0.546749 0.0786934 0.426902
39 0.917477 0.479473 0.019942 0.0893825
0 0.53842 0.697608 0.428497 0.587702
0 0.90374 0.337945 0.0814148 0.308833
56 0.906218 0.612604 0.0580814 0.18698
0 0.947151 0.35107 0.0504246 0.280699
56 0.933525 0.69623 0.115871 0.348443
0 0.979674 0.292386 0.0402405 0.169078
