0 0.811767 0.38434 0.262022 0.532523
0 0.147023 0.482062 0.238886 0.494167
0 0.394487 0.442998 0.175598 0.469939
0 0.517238 0.444737 0.140348 0.454783
0 0.653223 0.585545 0.0761504 0.144897
41 0.783497 0.572882 0.0436447 0.133516
0 0.640834 0.41446 0.11029 0.420215
41 0.199746 0.629727 0.0398509 0.133168
0 0.963897 0.52594 0.0692417 0.224744
0 0.0785353 0.35568 0.0847712 0.221534
41 0.460441 0.600736 0.0368112 0.130612
0 0.735983 0.263675 0.0966473 0.252116
0 0.308166 0.271969 0.0924203 0.282038
0 0.55984 0.361708 0.0861922 0.562083
56 0.284471 0.576751 0.0750999 0.185985
0 0.52974 0.261396 0.134664 0.364156
0 0.0319854 0.272598 0.0639708 0.267036
