0 0.819912 0.310187 0.164976 0.413757
0 0.619034 0.359052 0.192901 0.35183
0 0.409943 0.388882 0.162955 0.329805
0 0.162276 0.388951 0.165689 0.388404
0 0.941405 0.262933 0.114156 0.46031
0 0.399802 0.189093 0.139147 0.354049
41 0.434443 0.507731 0.0295803 0.0919712
0 0.712009 0.361744 0.0810997 0.313456
0 0.60593 0.157886 0.122101 0.298495
41 0.201094 0.530241 0.0278031 0.0907699
0 0.506867 0.193809 0.094874 0.304839
0 0.280627 0.212644 0.0904222 0.257226
0 0.219533 0.875481 0.120664 0.248941
0 0.714163 0.162234 0.11667 0.295021
0 0.056361 0.416414 0.108537 0.330253
0 0.278097 0.390531 0.100638 0.346434
