0 0.475226 0.829424 0.149718 0.268036
0 0.47901 0.181491 0.146856 0.268138
0 0.492347 0.503797 0.146867 0.266094
0 0.783378 0.508583 0.1581 0.264602
0 0.186776 0.49569 0.14175 0.26245
0 0.777213 0.187565 0.160612 0.268594
0 0.176249 0.825633 0.141054 0.2713
0 0.297535 0.179882 0.117251 0.260799
0 0.664943 0.533844 0.133086 0.213657
0 0.303834 0.503826 0.122066 0.259177
0 0.777477 0.836924 0.159506 0.269994
0 0.179162 0.176504 0.142638 0.270778
0 0.658779 0.210763 0.131627 0.215235
0 0.294595 0.828248 0.119206 0.258413
0 0.656735 0.861259 0.130549 0.21546
0 0.676461 0.770029 0.136611 0.158087
0 0.67128 0.0916662 0.11702 0.0979408
0 0.670906 0.415068 0.112154 0.0962326
