0 0.16198 0.940232 0.0442828 0.0766733
0 0.123593 0.950637 0.0541765 0.0987251
0 0.505916 0.900674 0.111654 0.198652
0 0.261959 0.89947 0.039087 0.128213
0 0.20642 0.929524 0.04706 0.0836774
56 0.786776 0.951513 0.0527887 0.0969747
0 0.30609 0.896568 0.0463541 0.128392
0 0.561919 0.923296 0.0324217 0.0963293
0 0.600515 0.922428 0.0623617 0.0992583
60 0.678058 0.972032 0.0977737 0.0559356
0 0.445158 0.925785 0.0345482 0.076072
0 0.0221497 0.905066 0.0434608 0.179971
0 0.677382 0.906061 0.0300308 0.0517659
0 0.786824 0.940827 0.05485 0.118346
58 0.37206 0.906095 0.0793243 0.0902287
0 0.0834129 0.951186 0.0250689 0.0976272
