56 0.148888 0.728179 0.142275 0.273846
56 0.292155 0.733038 0.165022 0.312566
56 0.916192 0.646989 0.110964 0.0849876
56 0.73363 0.686655 0.116161 0.0733421
56 0.191516 0.560855 0.0639867 0.0394938
56 0.777611 0.578515 0.0759389 0.0459264
56 0.0454514 0.714853 0.0899276 0.263796
56 0.284534 0.566138 0.0672042 0.0377172
56 0.767928 0.643516 0.104067 0.0800296
56 0.868458 0.578209 0.0652855 0.043224
56 0.557906 0.952236 0.20026 0.0941657
56 0.590507 0.51457 0.0357887 0.0904415
56 0.714383 0.604303 0.0785652 0.143528
0 0.586663 0.445512 0.032019 0.0602159
56 0.131636 0.55939 0.0381241 0.0405968
0 0.683327 0.463521 0.0492899 0.0753677
56 0.88878 0.902888 0.220142 0.192964
56 0.651952 0.893649 0.186471 0.209898
56 0.0306357 0.486124 0.0485073 0.0453983
0 0.740411 0.476507 0.0505466 0.114888
60 0.766621 0.84824 0.437298 0.300235
56 0.962352 0.577543 0.0721085 0.046567
56 0.885553 0.699672 0.10474 0.076152
56 0.226267 0.549075 0.0675514 0.0654522
56 0.295407 0.549342 0.0887326 0.0719594
56 0.853403 0.527219 0.0543835 0.0402468
0 0.768841 0.462998 0.0324947 0.0725151
56 0.809281 0.561359 0.0698714 0.0649953
56 0.414764 0.541652 0.0506157 0.0954427
56 0.0518866 0.530896 0.0521848 0.058277
56 0.679153 0.57514 0.0748783 0.130483
0 0.830818 0.434263 0.0790627 0.15654
60 0.22261 0.641377 0.444904 0.169922
56 0.402396 0.478558 0.0389366 0.0338933
0 0.619418 0.462374 0.0387722 0.0921338
