2 0.584359 0.651813 0.187142 0.235393
0 0.906404 0.626284 0.0518225 0.303799
0 0.771629 0.658217 0.0572319 0.335993
0 0.403033 0.687773 0.104313 0.551245
0 0.69626 0.580205 0.0424272 0.213021
0 0.533194 0.497738 0.0346714 0.0984705
0 0.567184 0.503731 0.0369248 0.0709648
0 0.635518 0.546002 0.0328062 0.112545
0 0.966127 0.613711 0.0505764 0.276683
0 0.431864 0.659286 0.0556631 0.494226
26 0.348701 0.659297 0.04474 0.110646
0 0.938594 0.613204 0.0401631 0.27591
0 0.671146 0.557924 0.0265146 0.15129
7 0.190545 0.662119 0.38109 0.45414
