56 0.835793 0.578218 0.127165 0.243498
56 0.237353 0.560461 0.10992 0.228228
56 0.716924 0.578813 0.118507 0.24841
56 0.134367 0.569266 0.113727 0.240383
56 0.532003 0.580376 0.159474 0.0668226
56 0.272272 0.892038 0.343978 0.194
56 0.615295 0.887565 0.349764 0.199404
60 0.426379 0.680382 0.540817 0.162187
56 0.018894 0.71079 0.0377881 0.32059
56 0.537534 0.499714 0.0818377 0.107813
56 0.358707 0.579579 0.165588 0.0626844
56 0.429973 0.52709 0.0781683 0.161218
29 0.925009 0.882784 0.0850202 0.126592
39 0.407059 0.630952 0.0252422 0.0988961
