0 0.410996 0.290688 0.175114 0.411483
54 0.109753 0.757744 0.219256 0.225408
0 0.643021 0.778714 0.280901 0.440954
48 0.759521 0.328024 0.397967 0.336641
0 0.873541 0.791149 0.251749 0.41642
55 0.416064 0.801381 0.167664 0.170884
0 0.104587 0.2422 0.209161 0.481835
45 0.423322 0.354235 0.123432 0.0679049
0 0.244784 0.259471 0.286342 0.480468
54 0.215034 0.612492 0.20793 0.202398
0 0.975755 0.7214 0.0480103 0.130167
55 0.397926 0.683694 0.201971 0.147564
0 0.368052 0.1207 0.0615597 0.103542
45 0.160481 0.414413 0.114581 0.0862373
0 0.559115 0.725033 0.114347 0.195946
43 0.0803526 0.378761 0.12507 0.0580881
52 0.728048 0.912519 0.14037 0.0616539
0 0.530959 0.713851 0.0306767 0.0479524
55 0.273216 0.846025 0.120829 0.142964
53 0.728546 0.911212 0.139263 0.0602306
0 0.321705 0.123947 0.0472476 0.0943868
0 0.149782 0.0949099 0.0349651 0.0828388
0 0.137166 0.125629 0.0607967 0.145931
0 0.123171 0.0907683 0.0412737 0.0805758
