41 0.0970437 0.818508 0.189493 0.362865
0 0.541622 0.401487 0.772224 0.758982
41 0.422385 0.943454 0.323217 0.112084
0 0.341317 0.340351 0.129445 0.100589
48 0.557681 0.788062 0.450626 0.238404
0 0.417493 0.318135 0.0514146 0.0422183
60 0.4944 0.854777 0.9888 0.28864
0 0.240195 0.351788 0.1156 0.114564
0 0.19343 0.350427 0.0443565 0.0451703
0 0.128096 0.350587 0.0643625 0.0550301
0 0.0376165 0.340722 0.0412361 0.0462101
0 0.15236 0.57773 0.299679 0.355458
0 0.161415 0.3416 0.0315603 0.0342401
41 0.265528 0.378198 0.0342936 0.027877
0 0.217707 0.367356 0.0654844 0.0793161
