56 0.110005 0.725083 0.167721 0.351092
56 0.802331 0.649962 0.0938496 0.255066
56 0.607888 0.802677 0.174322 0.385511
56 0.86057 0.61996 0.0482292 0.229736
56 0.390015 0.754113 0.141881 0.38796
56 0.498997 0.592546 0.0741367 0.127822
56 0.121912 0.60063 0.083324 0.151428
0 0.124035 0.494523 0.0438754 0.0734328
56 0.771249 0.509839 0.0388826 0.059057
56 0.618967 0.561693 0.0346296 0.100273
0 0.771788 0.452352 0.0483116 0.110681
56 0.744662 0.732218 0.128559 0.371601
56 0.69192 0.536266 0.050668 0.0817028
60 0.219863 0.717796 0.238748 0.230748
62 0.916829 0.387056 0.16571 0.226388
56 0.893243 0.584312 0.0472332 0.198826
0 0.348039 0.571022 0.0537809 0.19925
0 0.690447 0.510146 0.0504171 0.136865
56 0.733762 0.652612 0.0752831 0.216578
56 0.955746 0.508912 0.0326075 0.0959771
0 0.0146798 0.505128 0.0292307 0.0729186
0 0.683524 0.474725 0.0365116 0.0685588
60 0.497263 0.779175 0.140859 0.264937
0 0.507393 0.512577 0.050946 0.0670035
