45 0.740066 0.209399 0.18886 0.162885
45 0.552967 0.208085 0.20942 0.137535
45 0.389148 0.18546 0.176262 0.169559
45 0.915089 0.233021 0.169025 0.178038
50 0.616679 0.347894 0.236719 0.173674
44 0.698548 0.113829 0.0994705 0.158799
41 0.239338 0.166204 0.0961025 0.231643
60 0.498762 0.524939 0.997523 0.946671
40 0.140124 0.292481 0.123541 0.417036
44 0.907238 0.132241 0.0709553 0.18259
44 0.974487 0.100033 0.0503043 0.119487
44 0.299919 0.111877 0.0875634 0.0895798
44 0.48423 0.0878309 0.0956037 0.109851
