0 0.258461 0.582886 0.212682 0.771706
0 0.824956 0.47381 0.100239 0.413882
0 0.533524 0.555599 0.13743 0.595093
0 0.112403 0.537601 0.172534 0.570861
0 0.415564 0.494896 0.107969 0.410309
0 0.635824 0.522524 0.0940767 0.415597
0 0.734085 0.490255 0.093977 0.421456
0 0.340847 0.457663 0.0547555 0.284745
0 0.913732 0.473939 0.077589 0.321563
0 0.688349 0.484167 0.0487474 0.367919
0 0.57956 0.378232 0.0532278 0.121432
0 0.952766 0.449034 0.0416835 0.261533
0 0.0675793 0.473443 0.0654663 0.343761
0 0.60802 0.368422 0.0279594 0.0931915
