72 0.500134 0.496842 0.999731 0.99302
39 0.659366 0.881057 0.068026 0.237886
39 0.708966 0.590439 0.0823094 0.370694
39 0.637823 0.573784 0.0764186 0.35824
39 0.807211 0.169994 0.0938926 0.33802
39 0.875701 0.892476 0.0662708 0.16846
39 0.948202 0.63622 0.100237 0.372131
39 0.726244 0.909774 0.0701443 0.17881
39 0.783978 0.609263 0.0869439 0.353905
39 0.897895 0.178363 0.097039 0.355765
39 0.866109 0.622946 0.0950084 0.362884
39 0.599236 0.94202 0.0651209 0.11596
39 0.375315 0.853533 0.0716719 0.261874
39 0.93898 0.935499 0.0852331 0.12782
39 0.288519 0.850958 0.0582501 0.178565
39 0.537679 0.885227 0.0685675 0.228408
39 0.568364 0.564911 0.0766059 0.353538
39 0.794172 0.918533 0.0744786 0.15951
39 0.480903 0.879438 0.0677622 0.239554
39 0.428934 0.867529 0.0707007 0.254523
39 0.225651 0.506306 0.0792504 0.295657
39 0.721625 0.166252 0.0877979 0.330223
39 0.969159 0.180441 0.0607758 0.357811
39 0.0894169 0.789547 0.0503499 0.138421
