0 0.230158 0.763825 0.18511 0.456621
0 0.770547 0.722831 0.133175 0.519411
0 0.378903 0.734686 0.124511 0.518575
0 0.620053 0.845785 0.220259 0.302935
0 0.906217 0.726984 0.137198 0.520291
0 0.52199 0.673818 0.118536 0.563866
0 0.410969 0.453571 0.0890858 0.1978
0 0.609585 0.536023 0.105114 0.358484
62 0.844474 0.273451 0.164343 0.131308
0 0.695096 0.609471 0.0893435 0.446398
26 0.497144 0.733465 0.0857298 0.13323
26 0.973473 0.668393 0.0523987 0.130346
0 0.0434121 0.58682 0.0819026 0.409895
0 0.944827 0.393822 0.0801475 0.240841
0 0.0166381 0.620644 0.0329896 0.36904
0 0.350429 0.386865 0.0760202 0.195013
0 0.272453 0.581708 0.133883 0.404184
26 0.80073 0.796267 0.0390587 0.100264
26 0.80116 0.72262 0.0411947 0.248009
0 0.168502 0.547158 0.120189 0.375574
0 0.102643 0.546453 0.0717599 0.400202
