0 0.23827 0.83448 0.234464 0.324907
0 0.769699 0.813206 0.214343 0.366638
0 0.158297 0.318455 0.130154 0.427749
0 0.41286 0.585413 0.398291 0.770594
0 0.735348 0.23395 0.136487 0.46615
0 0.0694154 0.841986 0.138662 0.310708
0 0.470794 0.214244 0.100632 0.410877
0 0.871876 0.278714 0.135892 0.548092
0 0.275039 0.284612 0.144046 0.431039
0 0.370655 0.242543 0.126969 0.480251
27 0.597192 0.187955 0.0345867 0.202732
0 0.578936 0.274767 0.126596 0.543422
0 0.727753 0.471218 0.151949 0.209507
0 0.0425144 0.257851 0.0850288 0.511123
56 0.662971 0.444092 0.0649292 0.190225
0 0.949086 0.284031 0.101316 0.56299
0 0.119943 0.178027 0.0927512 0.353337
27 0.872332 0.147606 0.0178227 0.0958508
0 0.40371 0.404225 0.120333 0.196632
