0 0.57268 0.807983 0.183719 0.377815
0 0.956814 0.873665 0.0857897 0.247235
0 0.806477 0.845369 0.164457 0.305147
0 0.271841 0.730564 0.088309 0.23295
2 0.850688 0.623945 0.298004 0.24674
0 0.675793 0.837206 0.0969542 0.296705
0 0.0577986 0.793967 0.115597 0.310335
0 0.318326 0.832321 0.165746 0.324187
0 0.16945 0.823613 0.18416 0.345579
0 0.420713 0.687129 0.0650669 0.208985
0 0.427841 0.831532 0.126643 0.324658
0 0.697616 0.654779 0.0822598 0.115814
0 0.795545 0.601313 0.0567066 0.109241
0 0.581373 0.936816 0.0864277 0.124504
0 0.366257 0.601461 0.0550643 0.115634
0 0.879572 0.847109 0.0698303 0.23696
0 0.729636 0.851789 0.0812921 0.292112
0 0.146582 0.95089 0.133742 0.0946247
0 0.847313 0.685563 0.0431736 0.125124
