40 0.226998 0.57501 0.152278 0.382944
40 0.051258 0.280228 0.102516 0.324285
45 0.336872 0.879118 0.258975 0.24066
43 0.103227 0.836992 0.205823 0.218335
60 0.500468 0.521196 0.994949 0.955598
45 0.851914 0.857971 0.111208 0.151437
41 0.663386 0.246931 0.0566837 0.141091
0 0.171362 0.0556058 0.33965 0.110737
0 0.934699 0.03239 0.129891 0.064751
41 0.922957 0.95217 0.11566 0.0947981
45 0.922719 0.952908 0.114396 0.0933638
41 0.55473 0.321152 0.110528 0.335568
45 0.813053 0.520484 0.351932 0.385345
40 0.015443 0.588069 0.0306194 0.293229
41 0.61376 0.476279 0.0642229 0.162451
45 0.429682 0.125695 0.0728444 0.0947889
41 0.361912 0.0871315 0.0681993 0.0513597
41 0.429724 0.124967 0.0742507 0.0917057
0 0.0658149 0.0420814 0.130484 0.0828175
