0 0.667369 0.728129 0.132786 0.541283
0 0.0727005 0.569649 0.14527 0.649013
0 0.263375 0.644698 0.161522 0.499995
0 0.51784 0.732926 0.126915 0.528991
0 0.342936 0.688286 0.181993 0.483534
0 0.125535 0.299253 0.0214452 0.089175
0 0.468722 0.363675 0.0982083 0.218181
0 0.42868 0.710026 0.126982 0.527977
0 0.917386 0.329378 0.0507171 0.19379
0 0.709889 0.312639 0.0534249 0.145167
0 0.49438 0.29578 0.037238 0.133974
0 0.365011 0.683107 0.0825827 0.435409
0 0.583711 0.574771 0.105807 0.494668
0 0.32586 0.420309 0.0587816 0.158571
0 0.818324 0.362098 0.0483753 0.129061
