0 0.129097 0.593719 0.145583 0.801782
0 0.0387718 0.628743 0.0775436 0.726427
0 0.564368 0.569367 0.138486 0.623332
0 0.928268 0.515045 0.1029 0.553919
0 0.46295 0.609289 0.113355 0.559069
0 0.669966 0.558298 0.100398 0.472605
26 0.425643 0.635854 0.0758351 0.254626
0 0.375591 0.620702 0.118651 0.609692
0 0.85689 0.551507 0.0849396 0.459302
0 0.781538 0.542607 0.0933393 0.482908
0 0.291202 0.364677 0.0912827 0.229888
27 0.705601 0.406155 0.0147381 0.0644242
0 0.301687 0.588912 0.11132 0.673825
0 0.243829 0.365113 0.0477379 0.0981909
26 0.470059 0.541309 0.0808598 0.182117
0 0.418987 0.379117 0.0543353 0.160296
0 0.712104 0.375976 0.0653438 0.174687
0 0.069401 0.333177 0.0415979 0.0954837
0 0.712366 0.539264 0.0645523 0.484426
