0 0.891962 0.657387 0.214865 0.666024
0 0.123053 0.63053 0.208356 0.709426
0 0.728694 0.457295 0.153382 0.337185
0 0.59735 0.620921 0.227967 0.712078
0 0.365351 0.727254 0.537036 0.526224
0 0.666389 0.425985 0.06419 0.210996
63 0.729478 0.584369 0.171226 0.17883
0 0.964489 0.416055 0.0628482 0.185626
0 0.81278 0.399472 0.0865781 0.188659
41 0.757261 0.621674 0.0422409 0.0570109
63 0.455882 0.591701 0.0833254 0.09847
63 0.771988 0.563147 0.0838636 0.14486
0 0.881781 0.317377 0.0430263 0.060992
56 0.817212 0.886394 0.0391247 0.215673
63 0.476331 0.614983 0.109726 0.149791
0 0.335621 0.481302 0.201023 0.305209
0 0.432069 0.534877 0.314402 0.407094
