0 0.671127 0.819128 0.0698892 0.346537
0 0.722912 0.741322 0.0691779 0.356955
0 0.770164 0.659573 0.0663612 0.3395
0 0.834668 0.588577 0.0671658 0.304927
0 0.896511 0.563144 0.0649749 0.301113
0 0.972636 0.535147 0.0536453 0.308405
0 0.544177 0.783528 0.0751524 0.327871
0 0.0810353 0.850506 0.0482596 0.232396
0 0.410387 0.806463 0.0575065 0.317864
0 0.485417 0.851487 0.048654 0.296122
0 0.244052 0.926046 0.0636249 0.144833
0 0.11095 0.939744 0.0566415 0.120512
0 0.60272 0.865927 0.0606351 0.26676
0 0.459227 0.953043 0.0442398 0.0879437
36 0.541618 0.945138 0.0766468 0.102415
0 0.671063 0.604534 0.0730602 0.225563
31 0.365548 0.894333 0.0491186 0.168762
0 0.728416 0.501275 0.0657604 0.184699
