0 0.960869 0.699583 0.0778831 0.600448
0 0.0457056 0.691477 0.0762401 0.601994
0 0.109313 0.695289 0.0653952 0.60729
0 0.247756 0.801962 0.072055 0.389949
0 0.872729 0.833623 0.0908868 0.326854
0 0.771501 0.814619 0.0826293 0.370763
0 0.378486 0.800706 0.0797214 0.39277
0 0.312198 0.792476 0.075844 0.403766
0 0.678881 0.838456 0.0807945 0.321332
0 0.833422 0.674057 0.0741585 0.639546
0 0.895699 0.658369 0.0767936 0.656645
0 0.146149 0.370246 0.0618017 0.336125
0 0.250017 0.572076 0.0725523 0.344448
0 0.211432 0.368845 0.0773989 0.37651
0 0.715148 0.664758 0.0664089 0.458193
0 0.598368 0.811903 0.0869403 0.376151
0 0.178662 0.792937 0.089011 0.413655
0 0.324778 0.554259 0.0825718 0.392563
0 0.65274 0.690243 0.0685454 0.474709
0 0.519539 0.799739 0.0752571 0.400523
0 0.4514 0.849227 0.0881955 0.28718
0 0.708765 0.410029 0.0733539 0.338455
0 0.279574 0.371836 0.0671535 0.328859
0 0.0795704 0.402947 0.0610138 0.280617
0 0.420964 0.403781 0.0803465 0.33012
27 0.81846 0.667357 0.028655 0.306495
