0 0.160595 0.55848 0.281501 0.744322
56 0.618004 0.681322 0.0741532 0.236808
71 0.569822 0.875326 0.143807 0.224171
62 0.402961 0.370895 0.0822847 0.590273
62 0.313305 0.423784 0.108105 0.394893
58 0.0411393 0.280207 0.0576731 0.414611
56 0.536583 0.630242 0.0743196 0.210802
58 0.939384 0.614658 0.0753359 0.189864
58 0.655078 0.38768 0.0217937 0.149536
56 0.878771 0.61137 0.0630989 0.191231
58 0.944107 0.629 0.037349 0.167846
0 0.728278 0.489519 0.0423059 0.144098
56 0.572832 0.634375 0.0511739 0.200452
