0 0.586487 0.776487 0.0916619 0.310007
0 0.874924 0.613241 0.106675 0.48276
0 0.777303 0.579624 0.0955055 0.409087
0 0.691653 0.783006 0.114407 0.353982
0 0.496824 0.758099 0.0978985 0.329109
0 0.487841 0.479892 0.0925104 0.398946
0 0.571649 0.264438 0.0888666 0.492286
0 0.136355 0.774674 0.102912 0.338708
0 0.636109 0.479538 0.0672537 0.414822
0 0.207895 0.777883 0.106326 0.349973
0 0.292026 0.775293 0.0781037 0.338325
0 0.810645 0.377802 0.0722746 0.221221
0 0.183724 0.35699 0.104442 0.364294
0 0.355173 0.790631 0.101124 0.338351
0 0.581145 0.59736 0.0792383 0.233302
0 0.720858 0.422688 0.0805809 0.293711
0 0.250266 0.57869 0.0728121 0.255485
0 0.328862 0.567648 0.0658579 0.235808
0 0.357298 0.411257 0.0737742 0.26191
0 0.391812 0.638134 0.0865995 0.385709
