49 0.649759 0.830238 0.119841 0.185016
45 0.818612 0.922496 0.104575 0.119524
45 0.486618 0.906134 0.0914653 0.109229
45 0.923853 0.908471 0.122432 0.121698
45 0.152799 0.903861 0.0929087 0.110378
45 0.274219 0.868975 0.0932375 0.0918521
75 0.206899 0.65924 0.0803831 0.306231
49 0.552586 0.798088 0.105162 0.16991
49 0.395774 0.804721 0.110781 0.171249
75 0.124054 0.712733 0.138198 0.28261
75 0.279085 0.792908 0.0805195 0.0838696
75 0.0274775 0.774648 0.054955 0.338695
45 0.279415 0.79323 0.0799244 0.0839597
