0 0.507475 0.561094 0.258477 0.856359
0 0.213679 0.591431 0.281181 0.786242
0 0.754376 0.513786 0.262823 0.942803
0 0.887998 0.543584 0.133556 0.87207
0 0.0554334 0.538664 0.110867 0.90175
0 0.611988 0.536487 0.134494 0.846042
0 0.355801 0.532804 0.19983 0.887465
0 0.951535 0.583325 0.0963894 0.812316
0 0.336592 0.273215 0.168967 0.364347
0 0.95309 0.244554 0.0885794 0.169796
0 0.11626 0.284913 0.130158 0.309553
0 0.30065 0.144424 0.0804908 0.206212
0 0.417483 0.2621 0.0578463 0.141237
0 0.103137 0.558507 0.145517 0.867456
