0 0.259791 0.845189 0.0550268 0.267481
0 0.793738 0.535213 0.349802 0.903218
0 0.184933 0.84249 0.0547431 0.253248
0 0.832963 0.842625 0.057568 0.27172
0 0.302817 0.835821 0.0376408 0.204206
0 0.771536 0.835513 0.0749276 0.326666
0 0.504241 0.945273 0.0822741 0.109454
0 0.0990022 0.855593 0.0713094 0.288814
0 0.449697 0.856049 0.0483192 0.21335
0 0.368259 0.832684 0.0324943 0.218291
0 0.0656331 0.855046 0.0445971 0.24586
0 0.393791 0.835334 0.0392048 0.231506
0 0.510511 0.801051 0.035617 0.125606
0 0.48011 0.804578 0.0311258 0.163335
0 0.978405 0.866867 0.0425114 0.266266
