0 0.139763 0.738678 0.279037 0.511024
0 0.486379 0.725638 0.237344 0.534607
0 0.0783996 0.463438 0.156799 0.774719
0 0.287488 0.548023 0.19614 0.630286
0 0.900184 0.458103 0.198259 0.645065
0 0.325323 0.827225 0.153369 0.344555
0 0.962407 0.67203 0.0747884 0.507599
0 0.844469 0.76556 0.307872 0.393666
0 0.737727 0.384792 0.130602 0.411524
0 0.20811 0.405194 0.128336 0.295629
0 0.679879 0.47699 0.181335 0.444351
0 0.573869 0.690182 0.165353 0.55068
0 0.888559 0.112926 0.169041 0.222799
0 0.973828 0.261678 0.0518746 0.27234
0 0.414742 0.371926 0.121192 0.329641
0 0.501212 0.235386 0.121377 0.391149
0 0.127898 0.295179 0.0925787 0.291348
0 0.536277 0.352314 0.147542 0.26802
0 0.703787 0.740598 0.166077 0.430594
0 0.663171 0.141379 0.149175 0.27368
