0 0.163533 0.91174 0.144218 0.132976
0 0.304553 0.402659 0.390813 0.354842
0 0.0652746 0.930825 0.128439 0.118725
0 0.710115 0.800835 0.561004 0.314325
0 0.108545 0.409482 0.207204 0.374987
0 0.572266 0.495145 0.251971 0.176596
0 0.197354 0.718088 0.0867481 0.0958016
56 0.0691649 0.53171 0.106938 0.142632
41 0.215914 0.974426 0.0435664 0.0492039
60 0.614097 0.937548 0.771805 0.123751
0 0.548342 0.38999 0.302419 0.351915
0 0.462531 0.792464 0.468489 0.387024
41 0.198857 0.781872 0.0424118 0.0423326
0 0.440314 0.761715 0.236993 0.221941
45 0.808 0.280491 0.134868 0.107115
0 0.667239 0.753993 0.104785 0.0831844
