46 0.843288 0.720687 0.311966 0.246766
46 0.182991 0.46177 0.329177 0.131288
46 0.72331 0.364911 0.285676 0.225141
46 0.811497 0.595544 0.289091 0.161633
46 0.794072 0.465902 0.328043 0.122272
46 0.147889 0.701098 0.249134 0.204154
46 0.198905 0.581019 0.229845 0.149043
46 0.139068 0.826195 0.249799 0.252323
46 0.476203 0.269222 0.102695 0.339894
0 0.839121 0.134318 0.313132 0.268576
46 0.3657 0.323361 0.183826 0.25935
46 0.835357 0.845711 0.304875 0.308287
46 0.60123 0.298122 0.141777 0.304235
