0 0.373083 0.735816 0.253891 0.406981
0 0.0700748 0.513633 0.122702 0.588001
0 0.166924 0.630171 0.112013 0.49114
0 0.53469 0.712601 0.229714 0.320214
0 0.574866 0.436348 0.108247 0.325364
0 0.693144 0.696598 0.164769 0.346711
0 0.788484 0.603289 0.177476 0.425569
0 0.904035 0.321528 0.0884309 0.279029
0 0.489013 0.601006 0.178207 0.398102
0 0.873258 0.619157 0.138926 0.453158
0 0.268196 0.619099 0.121662 0.438364
0 0.382913 0.601875 0.109762 0.381622
0 0.297044 0.340233 0.0857611 0.253784
0 0.499708 0.334741 0.09835 0.277015
0 0.838199 0.432114 0.102153 0.385298
0 0.4366 0.333308 0.0781616 0.342585
0 0.16456 0.479876 0.150617 0.553533
0 0.631999 0.495668 0.0782071 0.197151
0 0.707708 0.376754 0.0814263 0.21415
0 0.220086 0.326198 0.108575 0.310888
