0 0.61425 0.705068 0.372532 0.377411
0 0.165811 0.625537 0.163547 0.610003
0 0.890094 0.388724 0.104506 0.427786
0 0.794589 0.450002 0.0936747 0.489267
0 0.846132 0.643404 0.158927 0.358285
0 0.113926 0.428021 0.13014 0.620682
0 0.243756 0.74283 0.283859 0.489126
0 0.496017 0.585017 0.100778 0.378032
24 0.920119 0.764012 0.119267 0.269473
0 0.390364 0.632701 0.126736 0.529968
0 0.676415 0.350974 0.0711585 0.37785
29 0.74729 0.56223 0.0423174 0.0837642
0 0.63316 0.544809 0.0832246 0.225441
0 0.274586 0.338829 0.0995201 0.321057
0 0.20175 0.210977 0.101661 0.299759
0 0.530908 0.396812 0.0628788 0.237852
0 0.574149 0.58458 0.0719244 0.276521
0 0.342366 0.325784 0.0677767 0.294266
0 0.589322 0.413893 0.0809052 0.239903
0 0.460332 0.440163 0.0599858 0.237123
0 0.613999 0.282787 0.0803657 0.277096
0 0.737823 0.530437 0.0984287 0.335882
2 0.974447 0.302444 0.0320568 0.0328682
