0 0.833652 0.759486 0.272063 0.426725
0 0.0669138 0.739401 0.118231 0.41233
0 0.504062 0.751738 0.294026 0.463679
0 0.740274 0.736768 0.0845308 0.350943
0 0.262672 0.787999 0.136949 0.350754
0 0.78024 0.254868 0.228449 0.410103
0 0.114051 0.273864 0.172338 0.397869
0 0.452845 0.272397 0.169185 0.397597
0 0.394638 0.732845 0.107516 0.381401
0 0.258167 0.282723 0.134165 0.397768
0 0.941509 0.278978 0.103434 0.395123
2 0.837092 0.283267 0.186563 0.152349
2 0.151591 0.771606 0.17903 0.154423
24 0.379852 0.196679 0.0604113 0.114375
2 0.935621 0.762222 0.111253 0.148232
0 0.588718 0.276512 0.110221 0.409782
24 0.0377353 0.197886 0.048207 0.119166
24 0.698954 0.152254 0.0589484 0.108689
26 0.2414 0.316969 0.0803957 0.094598
0 0.363556 0.713198 0.0475428 0.248339
35 0.603153 0.324734 0.0823271 0.0997625
24 0.0695233 0.178759 0.0674569 0.105359
