0 0.808058 0.703119 0.188643 0.580859
0 0.047284 0.808334 0.0945681 0.379666
0 0.510815 0.647433 0.0612743 0.12215
0 0.349897 0.632335 0.0847075 0.187797
0 0.230673 0.648192 0.0962003 0.192635
0 0.299413 0.631594 0.0561808 0.191289
0 0.437147 0.629999 0.0900548 0.175569
62 0.907346 0.446291 0.0682419 0.110211
0 0.963678 0.598888 0.0557556 0.149488
63 0.707613 0.576594 0.180744 0.183492
0 0.89784 0.582372 0.0491232 0.130593
0 0.596886 0.611663 0.0740625 0.126799
0 0.565647 0.60517 0.0436344 0.131637
0 0.534485 0.602642 0.0390752 0.132993
0 0.1047 0.625231 0.0508398 0.141708
0 0.23526 0.771513 0.100856 0.442263
0 0.136714 0.811997 0.0955047 0.374306
