0 0.465486 0.79167 0.081768 0.404778
0 0.824457 0.810019 0.0785002 0.362652
0 0.412974 0.832516 0.0828167 0.32733
0 0.0144652 0.838343 0.0288529 0.321541
0 0.235313 0.795579 0.073307 0.398505
0 0.748906 0.807087 0.0891696 0.373882
0 0.611479 0.849087 0.103679 0.295507
0 0.170988 0.784921 0.0774769 0.415348
0 0.0533778 0.775897 0.0578547 0.415636
0 0.546366 0.823267 0.0581655 0.352178
0 0.37421 0.712203 0.0472546 0.305273
0 0.504065 0.776283 0.0471759 0.43223
0 0.298376 0.873466 0.0731107 0.248138
0 0.688364 0.811421 0.0702408 0.364572
0 0.0232363 0.759245 0.0387634 0.325208
