0 0.308467 0.324794 0.17041 0.293264
0 0.603206 0.342836 0.100103 0.247438
0 0.0395347 0.250023 0.0596103 0.0916175
0 0.5061 0.352784 0.171386 0.247876
45 0.45294 0.70936 0.514187 0.580813
0 0.430146 0.326943 0.0914155 0.288561
45 0.826257 0.495307 0.274587 0.287455
0 0.636232 0.249106 0.0455056 0.103444
41 0.830947 0.495032 0.267091 0.285319
0 0.649208 0.424903 0.0592075 0.0656566
0 0.670949 0.2637 0.0465986 0.0915623
0 0.877108 0.287508 0.14792 0.144545
0 0.232326 0.308325 0.0733077 0.21515
0 0.713969 0.277087 0.0469753 0.0855487
0 0.39202 0.238475 0.0879591 0.279685
60 0.459171 0.703544 0.918248 0.57686
0 0.78499 0.292971 0.108082 0.127128
