0 0.845021 0.573248 0.303302 0.829803
0 0.274058 0.57839 0.214269 0.828509
0 0.113081 0.568538 0.212496 0.843837
0 0.680465 0.499434 0.252793 0.991028
0 0.474841 0.550168 0.247263 0.877772
0 0.173531 0.212291 0.0757479 0.276016
0 0.757843 0.19598 0.100856 0.20408
27 0.639429 0.394284 0.0417125 0.227711
0 0.0462556 0.691694 0.0925112 0.60424
27 0.625179 0.474268 0.0734058 0.39259
0 0.586447 0.20903 0.0674068 0.108045
0 0.351078 0.249864 0.0778584 0.291182
0 0.583335 0.106734 0.0443001 0.0985435
0 0.950666 0.174821 0.0556357 0.110504
0 0.0399239 0.239435 0.0798478 0.313268
