0 0.460453 0.686536 0.0412018 0.168302
0 0.013335 0.702157 0.0266083 0.222361
0 0.418152 0.69725 0.0336633 0.148923
0 0.683752 0.66941 0.0236464 0.109026
0 0.723708 0.676891 0.0260529 0.110543
0 0.784236 0.69725 0.0364332 0.14405
0 0.486233 0.669226 0.020162 0.0744627
0 0.815347 0.707454 0.0306532 0.154529
13 0.150703 0.768455 0.0640594 0.117512
13 0.20938 0.714957 0.0418528 0.0830339
58 0.521794 0.588563 0.0428517 0.0446139
0 0.150658 0.696462 0.0178653 0.0920577
0 0.651502 0.669475 0.0223442 0.127934
0 0.0946344 0.673357 0.0436453 0.0703157
