0 0.195135 0.654122 0.1324 0.621247
0 0.432685 0.672489 0.127985 0.504445
0 0.933798 0.476566 0.0335999 0.190171
0 0.361684 0.628293 0.0696917 0.511886
0 0.537371 0.652626 0.0770023 0.511835
0 0.612254 0.404938 0.0501446 0.119161
62 0.225793 0.11575 0.100156 0.133064
24 0.786527 0.455717 0.0328525 0.0993448
0 0.293729 0.641418 0.0918017 0.521062
62 0.095952 0.0801269 0.132302 0.159172
0 0.757639 0.514742 0.0742653 0.266622
28 0.828009 0.580736 0.0426515 0.097452
62 0.391241 0.159369 0.0819095 0.113024
0 0.824412 0.461412 0.0314905 0.128098
0 0.983422 0.479516 0.0321254 0.148452
62 0.464234 0.180653 0.0721985 0.104948
0 0.906698 0.482658 0.0374534 0.173003
28 0.665777 0.503419 0.0536556 0.0965885
0 0.152862 0.549173 0.0566745 0.285659
25 0.228571 0.33342 0.152746 0.104864
0 0.956861 0.472223 0.0248516 0.159279
62 0.563089 0.207607 0.0705906 0.090163
0 0.646266 0.410887 0.0342817 0.101576
26 0.329989 0.568394 0.0308477 0.10788
62 0.611583 0.223165 0.0668361 0.0868422
56 0.0202406 0.468438 0.0402713 0.0707498
