0 0.463061 0.511513 0.627729 0.911233
0 0.854915 0.657648 0.265282 0.613195
27 0.548354 0.334034 0.0646549 0.249751
0 0.173762 0.528681 0.2942 0.348223
0 0.226539 0.104823 0.283146 0.209645
0 0.821382 0.312947 0.214356 0.259587
0 0.447369 0.0888863 0.18592 0.177431
0 0.917892 0.22258 0.163525 0.206557
27 0.220872 0.581295 0.0522512 0.218938
39 0.248028 0.800969 0.0459093 0.092697
0 0.811605 0.140051 0.13087 0.174289
0 0.250562 0.177919 0.174463 0.143636
0 0.408777 0.57211 0.0784485 0.198003
0 0.710174 0.150803 0.113352 0.128579
0 0.0540582 0.775239 0.104558 0.211645
27 0.213307 0.537048 0.040176 0.128801
0 0.0675885 0.19615 0.128773 0.171767
0 0.354328 0.812653 0.194989 0.297502
