3 0.358811 0.770647 0.183188 0.370198
0 0.345451 0.617851 0.149994 0.444292
0 0.329531 0.332401 0.0822747 0.307635
0 0.209566 0.365579 0.133345 0.384341
0 0.644807 0.117113 0.0998985 0.222407
0 0.447039 0.491952 0.0808668 0.138811
0 0.398865 0.332869 0.0677445 0.376073
0 0.464611 0.323888 0.052886 0.274735
0 0.72363 0.488717 0.116484 0.158237
0 0.107085 0.482308 0.0674781 0.132345
0 0.0108827 0.577694 0.0217273 0.322911
0 0.88182 0.337665 0.100297 0.440177
0 0.812431 0.253692 0.069352 0.199822
0 0.507308 0.485135 0.0419251 0.142043
0 0.801456 0.484238 0.056587 0.153778
