0 0.598022 0.685601 0.415761 0.611781
0 0.312663 0.710766 0.205795 0.564532
0 0.848695 0.52203 0.231168 0.955941
0 0.433512 0.253516 0.20585 0.322198
0 0.162321 0.543264 0.217443 0.865688
0 0.614098 0.216602 0.207698 0.36212
0 0.339386 0.477133 0.318664 0.558717
27 0.56486 0.315293 0.0333718 0.155948
0 0.686929 0.480255 0.293096 0.808475
58 0.408669 0.853691 0.169426 0.284298
27 0.727056 0.333528 0.037449 0.0960289
56 0.0250654 0.759557 0.0501308 0.457862
57 0.0257138 0.759256 0.0514276 0.459537
27 0.336788 0.702685 0.0336165 0.114828
