0 0.515743 0.626027 0.423569 0.465333
39 0.827771 0.85454 0.0915595 0.234255
0 0.214431 0.560588 0.320741 0.324873
0 0.507733 0.379718 0.46216 0.437295
27 0.87602 0.391889 0.0319611 0.105048
0 0.805798 0.62975 0.387659 0.516264
0 0.70808 0.316363 0.119849 0.121065
0 0.0840825 0.431689 0.162674 0.336586
0 0.962201 0.416541 0.0753323 0.27556
39 0.521365 0.735972 0.0565681 0.0868286
0 0.342737 0.392636 0.122016 0.177104
27 0.572048 0.479857 0.126443 0.209139
0 0.871691 0.373119 0.20793 0.336571
27 0.460624 0.61014 0.088378 0.053286
40 0.022805 0.590191 0.04561 0.262974
41 0.970768 0.946368 0.0573723 0.106524
40 0.970576 0.953802 0.0578167 0.0918633
