0 0.277532 0.25767 0.11067 0.47137
0 0.0596861 0.261139 0.110815 0.459478
0 0.168153 0.25734 0.115776 0.474736
0 0.58393 0.511283 0.165047 0.949147
0 0.945882 0.750225 0.0925144 0.481625
0 0.725043 0.754026 0.0844565 0.475783
0 0.414505 0.516402 0.165003 0.939451
0 0.830824 0.755047 0.0685641 0.469083
0 0.833092 0.247952 0.0727022 0.466957
0 0.719146 0.247714 0.0802183 0.471321
0 0.933454 0.237368 0.0775765 0.454191
0 0.0699801 0.748673 0.110875 0.474044
0 0.235813 0.747238 0.137332 0.481066
65 0.18146 0.729372 0.0297841 0.0457196
