0 0.929056 0.530275 0.141174 0.574457
0 0.272153 0.598157 0.238726 0.422918
0 0.649266 0.678011 0.142469 0.352281
0 0.169177 0.542016 0.100696 0.471827
0 0.782515 0.67372 0.159085 0.335037
0 0.64213 0.386814 0.118583 0.413464
0 0.828205 0.421416 0.142143 0.35219
0 0.717406 0.486626 0.0914444 0.345798
0 0.510834 0.531673 0.101099 0.479289
0 0.43831 0.519107 0.0833477 0.427701
0 0.371025 0.517486 0.076365 0.439619
0 0.32773 0.43671 0.071169 0.334479
0 0.440734 0.283889 0.104224 0.20246
0 0.570547 0.529504 0.0707352 0.338418
0 0.554733 0.315954 0.0717945 0.161713
0 0.262124 0.409658 0.0993917 0.196709
