0 0.137093 0.454363 0.0962219 0.546884
0 0.942842 0.33617 0.11391 0.323809
0 0.0482766 0.400923 0.0743183 0.330616
27 0.748145 0.337228 0.039114 0.148425
0 0.249038 0.268762 0.100024 0.219698
0 0.652732 0.241125 0.532216 0.455463
0 0.389708 0.285004 0.0551476 0.183328
0 0.345136 0.285325 0.055588 0.183396
0 0.551663 0.279649 0.045006 0.0768057
0 0.981786 0.343743 0.0359382 0.318924
0 0.594921 0.273712 0.0401918 0.0743986
0 0.883009 0.262843 0.036018 0.0763884
0 0.442301 0.29833 0.0459428 0.10852
0 0.708044 0.179731 0.0438494 0.0700057
0 0.985098 0.268717 0.0289959 0.173088
26 0.0202338 0.459566 0.0306257 0.0670059
