0 0.710667 0.619031 0.548393 0.612051
0 0.447497 0.507957 0.0817579 0.186471
56 0.226993 0.469631 0.0755618 0.209929
56 0.0266174 0.479215 0.0532348 0.201551
0 0.80644 0.533299 0.0795303 0.177487
0 0.516743 0.516508 0.0655122 0.182318
0 0.77003 0.422653 0.0572486 0.434104
0 0.317675 0.471466 0.111509 0.253417
0 0.370198 0.518225 0.0880276 0.163546
56 0.0776331 0.477912 0.0504691 0.187543
0 0.117317 0.402636 0.064681 0.290119
0 0.768576 0.301367 0.0522408 0.192425
0 0.0233188 0.333985 0.0465416 0.274266
24 0.962951 0.596201 0.0719742 0.0621957
