0 0.944313 0.552804 0.107069 0.482223
0 0.566713 0.550954 0.123553 0.562872
0 0.702565 0.521864 0.102441 0.55401
0 0.295951 0.463143 0.120686 0.475968
0 0.463658 0.460153 0.0849333 0.496679
0 0.631745 0.529812 0.100871 0.532371
0 0.193418 0.332184 0.0838752 0.220175
0 0.785209 0.539409 0.0668375 0.491951
0 0.398121 0.452697 0.0803617 0.507074
27 0.0331164 0.36004 0.010986 0.0650798
0 0.110538 0.333886 0.0915066 0.21841
0 0.857203 0.517609 0.0592114 0.399329
0 0.243962 0.290864 0.0417124 0.0988205
0 0.0375665 0.461478 0.0751324 0.474998
