0 0.912349 0.663115 0.166028 0.655581
0 0.0836138 0.632033 0.161983 0.71189
0 0.642371 0.624369 0.156921 0.731102
0 0.764917 0.642996 0.142256 0.694493
0 0.368909 0.584846 0.156021 0.806507
0 0.514863 0.605438 0.191017 0.771294
0 0.234517 0.613389 0.166726 0.752628
0 0.903182 0.359931 0.191509 0.405613
0 0.595455 0.290274 0.0758587 0.218825
0 0.735147 0.32803 0.120661 0.301111
0 0.0952198 0.317805 0.184443 0.432801
0 0.454529 0.281727 0.0658533 0.231956
56 0.953962 0.319084 0.0395905 0.0930865
56 0.0270003 0.31772 0.0534307 0.102569
56 0.985995 0.354713 0.0272133 0.0904873
0 0.284156 0.292081 0.110451 0.315511
56 0.0150658 0.252519 0.0297655 0.0367534
27 0.264471 0.606343 0.0473898 0.273388
