0 0.769584 0.790953 0.200085 0.324816
0 0.521977 0.846484 0.151443 0.222852
0 0.449055 0.358577 0.141004 0.265785
0 0.896435 0.363539 0.143171 0.256369
0 0.102015 0.85282 0.142385 0.192182
0 0.151868 0.273103 0.277029 0.438871
0 0.298752 0.850184 0.135227 0.214013
0 0.638764 0.377656 0.192869 0.228612
0 0.406061 0.838839 0.121335 0.22596
0 0.209242 0.854908 0.0863824 0.190331
0 0.257804 0.707579 0.12698 0.216488
0 0.550842 0.350977 0.0866527 0.252483
0 0.121041 0.740006 0.15534 0.183067
0 0.769047 0.374172 0.0931578 0.228742
0 0.269771 0.280808 0.202268 0.417739
0 0.373546 0.726145 0.113799 0.181185
0 0.471493 0.741731 0.0910467 0.183762
0 0.483008 0.177625 0.111625 0.190416
0 0.884557 0.794431 0.213571 0.383983
0 0.677172 0.267726 0.0952661 0.150785
0 0.604226 0.178107 0.0573574 0.201777
0 0.567551 0.735221 0.0842163 0.149227
0 0.815132 0.250311 0.0954859 0.163093
26 0.463243 0.345577 0.070846 0.116392
0 0.711738 0.196957 0.10159 0.243962
0 0.557827 0.180928 0.0770945 0.184412
0 0.870736 0.166612 0.0845856 0.17708
0 0.482651 0.281219 0.0778429 0.16967
