25 0.649782 0.764007 0.299414 0.178188
0 0.220998 0.623079 0.140365 0.144933
25 0.240088 0.77163 0.293773 0.174584
0 0.892783 0.54576 0.147606 0.26008
0 0.379967 0.622456 0.121683 0.126518
25 0.881786 0.772554 0.225701 0.202072
0 0.551156 0.620214 0.131861 0.150359
0 0.746296 0.561251 0.165999 0.26673
25 0.427134 0.754362 0.224297 0.171562
0 0.497539 0.551146 0.156898 0.258731
0 0.058632 0.638287 0.107307 0.156
9 0.139816 0.400209 0.0587955 0.137935
33 0.455573 0.142826 0.895193 0.180356
25 0.347411 0.510068 0.176523 0.136616
0 0.632787 0.488777 0.12763 0.147201
0 0.0661661 0.710299 0.120562 0.31104
0 0.647421 0.596496 0.120443 0.176544
