0 0.506204 0.478079 0.300936 0.758558
0 0.780943 0.478215 0.280407 0.686617
0 0.204182 0.378692 0.0627519 0.347563
0 0.143856 0.39088 0.0693888 0.322397
0 0.270295 0.37001 0.0592423 0.351802
0 0.017101 0.363495 0.033995 0.391992
0 0.934125 0.342215 0.0566979 0.313822
0 0.892466 0.357275 0.0568793 0.294576
0 0.0612737 0.403266 0.065266 0.313586
0 0.977981 0.34296 0.0435337 0.310305
0 0.584337 0.244866 0.0570355 0.191553
0 0.692956 0.352093 0.0677661 0.335552
0 0.0975503 0.380334 0.0532478 0.339808
0 0.57803 0.365776 0.0973107 0.333123
0 0.415258 0.266616 0.0502502 0.149277
0 0.637141 0.356715 0.0691748 0.327077
0 0.636632 0.258517 0.0569866 0.13012
