56 0.196183 0.871643 0.121672 0.243907
0 0.669092 0.892888 0.158485 0.213223
0 0.11576 0.856487 0.140647 0.274774
0 0.549082 0.919551 0.0755548 0.159509
0 0.258639 0.425774 0.0850379 0.174136
0 0.046585 0.589437 0.069559 0.215118
0 0.135489 0.289708 0.119534 0.366798
0 0.195998 0.690185 0.116083 0.257151
0 0.370323 0.273849 0.0716765 0.19855
56 0.262667 0.590627 0.0703659 0.192233
0 0.0205308 0.645768 0.0406991 0.111908
0 0.515095 0.685289 0.0815025 0.174409
0 0.874885 0.909015 0.0994232 0.179195
0 0.0812582 0.220748 0.0642767 0.153233
0 0.173529 0.533244 0.0852549 0.12397
0 0.612211 0.45818 0.0470896 0.0991162
