0 0.0452344 0.833061 0.0904687 0.33146
0 0.710497 0.738792 0.0493086 0.202971
0 0.165605 0.605294 0.0321849 0.108044
0 0.346811 0.634787 0.0382404 0.0803851
0 0.752637 0.740345 0.0394974 0.192615
0 0.181955 0.749555 0.063764 0.113957
0 0.251942 0.741304 0.0571219 0.208422
0 0.199488 0.60712 0.0220024 0.0988007
0 0.887226 0.680568 0.0278656 0.102924
58 0.0858759 0.693708 0.0429039 0.0447526
0 0.0298661 0.638436 0.0389183 0.0843966
0 0.226078 0.748164 0.0420221 0.111257
0 0.92365 0.708131 0.0249859 0.0651365
0 0.698926 0.606756 0.020848 0.0628693
58 0.504893 0.662341 0.0558257 0.0559462
0 0.720746 0.616471 0.0251007 0.0479749
0 0.083964 0.585543 0.0284109 0.0918655
