0 0.633959 0.320243 0.329643 0.525156
0 0.819421 0.498039 0.359479 0.996078
0 0.114328 0.6155 0.227842 0.764964
0 0.363041 0.385081 0.292106 0.459001
0 0.149999 0.220267 0.14975 0.281962
60 0.479182 0.746285 0.611334 0.503635
0 0.331706 0.113721 0.0903239 0.162874
0 0.460593 0.121863 0.0787143 0.228199
0 0.272791 0.229648 0.109996 0.321738
42 0.320415 0.747079 0.0490924 0.177695
41 0.250101 0.338929 0.0465382 0.0897263
43 0.604543 0.40891 0.0911329 0.241601
55 0.502374 0.611365 0.221907 0.216857
43 0.320563 0.747322 0.0412628 0.162052
0 0.401614 0.0922153 0.0751741 0.137129
60 0.731615 0.149441 0.0601906 0.0536083
