0 0.908813 0.309737 0.105956 0.165956
0 0.129269 0.264411 0.101258 0.250532
0 0.528535 0.336307 0.175577 0.32967
0 0.842283 0.288752 0.0736444 0.15128
0 0.713506 0.282813 0.0683337 0.146281
0 0.396031 0.842094 0.0424532 0.0886841
0 0.272506 0.838568 0.114805 0.32101
0 0.055127 0.268118 0.0827125 0.278036
0 0.787947 0.872726 0.116912 0.250779
0 0.130388 0.828828 0.0578398 0.160095
0 0.0926251 0.830113 0.0444882 0.167469
0 0.0321796 0.849625 0.0538772 0.20811
0 0.510045 0.837527 0.0403273 0.0899004
0 0.398314 0.26949 0.0636151 0.1457
0 0.591813 0.844958 0.0502966 0.0984816
0 0.932647 0.868108 0.0316003 0.0742588
0 0.977442 0.87026 0.0302055 0.0732014
0 0.730499 0.83866 0.0455417 0.123449
0 0.635274 0.279923 0.064474 0.133809
0 0.860832 0.850917 0.0326127 0.0667835
0 0.288753 0.254502 0.131514 0.208029
0 0.453135 0.839876 0.0444112 0.0938538
0 0.393748 0.405591 0.249092 0.304217
0 0.64353 0.859077 0.0476462 0.106904
0 0.714269 0.83993 0.0344877 0.129353
