0 0.521973 0.833992 0.407907 0.317035
0 0.150254 0.850803 0.287955 0.289219
0 0.817334 0.3712 0.110265 0.262284
0 0.890564 0.873115 0.177699 0.143001
0 0.359425 0.388847 0.173499 0.28275
0 0.144725 0.399549 0.194108 0.255937
0 0.643852 0.8508 0.176103 0.286895
0 0.650142 0.373004 0.161538 0.261602
0 0.959255 0.356242 0.0619142 0.124301
0 0.269874 0.893589 0.072424 0.179549
0 0.032597 0.365492 0.0557645 0.161506
0 0.400886 0.378453 0.056281 0.096606
0 0.0606936 0.896209 0.0654475 0.145636
0 0.466378 0.379613 0.0505478 0.110551
0 0.88737 0.355743 0.0571314 0.114834
0 0.216736 0.366384 0.0618702 0.112162
0 0.221918 0.335999 0.0509571 0.0513551
