0 0.0989604 0.375067 0.191465 0.233656
0 0.901837 0.131391 0.188838 0.245971
0 0.500085 0.374907 0.194623 0.231939
0 0.900123 0.37385 0.197312 0.231566
0 0.510924 0.13571 0.190457 0.23658
0 0.0990601 0.13785 0.192821 0.240443
0 0.714664 0.630504 0.196239 0.24835
0 0.699686 0.374606 0.194761 0.232472
0 0.10233 0.881556 0.200601 0.236888
0 0.103474 0.626379 0.200664 0.259591
0 0.903125 0.878498 0.185192 0.243005
0 0.297548 0.375468 0.193889 0.231715
0 0.305147 0.876708 0.198418 0.246584
0 0.70635 0.133596 0.195461 0.242813
0 0.707114 0.877913 0.202889 0.244173
0 0.515366 0.632504 0.19958 0.241404
0 0.906129 0.630189 0.186755 0.253907
0 0.304772 0.152125 0.206883 0.20032
0 0.504181 0.882128 0.199268 0.235743
0 0.311036 0.62442 0.206917 0.255444
