0 0.104415 0.813025 0.208157 0.359048
0 0.949424 0.870259 0.100872 0.251689
2 0.521888 0.698793 0.95249 0.592357
0 0.371666 0.931121 0.16596 0.133346
0 0.150113 0.3135 0.0768199 0.370129
0 0.0316854 0.347984 0.0633708 0.35596
0 0.317445 0.324679 0.0632439 0.314568
0 0.525268 0.297445 0.0764553 0.259817
0 0.954317 0.310407 0.0868397 0.307069
0 0.553228 0.953825 0.216239 0.0923503
0 0.401662 0.325725 0.0591163 0.3176
0 0.816878 0.311646 0.0743981 0.361625
0 0.260509 0.954227 0.100078 0.0879662
0 0.760826 0.333297 0.0595408 0.276118
0 0.359479 0.333379 0.048322 0.29239
0 0.710468 0.291866 0.0591103 0.309567
0 0.454064 0.324036 0.0568256 0.264936
0 0.249447 0.316675 0.0724514 0.351387
