0 0.220966 0.647221 0.440482 0.678497
0 0.562365 0.602563 0.231221 0.775864
0 0.870348 0.625382 0.215156 0.731185
0 0.417607 0.600459 0.23375 0.780073
0 0.74762 0.350365 0.13484 0.41619
0 0.94791 0.590893 0.102567 0.804191
0 0.709452 0.676784 0.15028 0.628832
0 0.284205 0.356972 0.145578 0.297707
0 0.194448 0.326782 0.0746215 0.149478
0 0.0262523 0.529843 0.0525047 0.903087
32 0.236303 0.173418 0.0318996 0.0465287
0 0.94813 0.360037 0.103099 0.326826
0 0.975086 0.721183 0.0493184 0.552812
0 0.282613 0.593197 0.168837 0.769255
0 0.106609 0.52772 0.213218 0.892443
