0 0.0962584 0.732366 0.133982 0.518241
0 0.362136 0.768276 0.0931815 0.460876
0 0.283374 0.76555 0.138047 0.460418
0 0.179038 0.770418 0.130206 0.450789
0 0.599381 0.729511 0.0646766 0.309958
0 0.90703 0.721758 0.0794981 0.324139
0 0.496651 0.781919 0.0864351 0.432038
0 0.957697 0.744456 0.0700939 0.341673
0 0.424178 0.759292 0.0766374 0.365501
0 0.0168126 0.655338 0.0320785 0.204541
0 0.648297 0.720254 0.0391346 0.271195
0 0.536428 0.759614 0.0596334 0.39408
56 0.705696 0.871818 0.0973435 0.249427
0 0.707246 0.801311 0.0980448 0.36718
0 0.821776 0.791173 0.132145 0.405851
0 0.779334 0.742737 0.0557997 0.36355
