39 0.766776 0.889866 0.0510639 0.198619
0 0.32263 0.557958 0.23524 0.518148
0 0.619604 0.604981 0.172829 0.412365
0 0.425077 0.750447 0.200544 0.449462
0 0.616147 0.286572 0.214223 0.560838
0 0.810314 0.627347 0.224972 0.624506
0 0.182653 0.655589 0.23205 0.342736
0 0.385939 0.278829 0.131348 0.33094
0 0.157376 0.42175 0.119014 0.483487
0 0.962279 0.325215 0.0490474 0.283583
0 0.279506 0.388255 0.0980256 0.42983
56 0.527242 0.768428 0.0595635 0.112998
0 0.485117 0.377269 0.0508997 0.118758
0 0.756868 0.305817 0.0301722 0.125403
28 0.170181 0.901799 0.337577 0.196402
