0 0.864109 0.362081 0.198893 0.357213
0 0.154743 0.802088 0.145061 0.392407
0 0.180326 0.398708 0.163131 0.364939
0 0.546108 0.45669 0.140135 0.419025
27 0.207844 0.473045 0.0316181 0.189821
0 0.730602 0.442138 0.0975701 0.199299
0 0.37605 0.321772 0.132413 0.3157
27 0.555539 0.521699 0.0590237 0.255373
0 0.658454 0.506686 0.0610277 0.0648201
0 0.0189065 0.352582 0.037804 0.0928205
63 0.325276 0.597322 0.106288 0.141562
56 0.0449257 0.852894 0.0896055 0.279123
0 0.47474 0.330374 0.0526219 0.143581
63 0.107067 0.669183 0.21385 0.282821
63 0.911542 0.852663 0.176199 0.280691
0 0.438715 0.435328 0.0979574 0.196077
27 0.38701 0.37037 0.019947 0.0988121
