0 0.522 0.610591 0.313373 0.759592
0 0.137351 0.780132 0.214584 0.424345
0 0.305885 0.643796 0.243418 0.693098
0 0.856485 0.58775 0.278619 0.795796
0 0.123541 0.576743 0.247053 0.818835
0 0.259681 0.336376 0.17946 0.488831
0 0.972966 0.434491 0.0535902 0.389855
0 0.904107 0.385548 0.12619 0.517062
56 0.63101 0.751068 0.104547 0.466117
0 0.195822 0.139714 0.0920459 0.198444
0 0.658643 0.456258 0.152745 0.551452
26 0.830106 0.800889 0.0773515 0.374752
0 0.0231893 0.265693 0.046209 0.334342
27 0.0980498 0.498926 0.0523161 0.148399
56 0.525751 0.283993 0.0647018 0.0904515
