0 0.0859512 0.68836 0.136943 0.499897
0 0.499545 0.706695 0.227372 0.584422
0 0.26943 0.735988 0.278889 0.518098
0 0.85258 0.512673 0.277165 0.285847
0 0.411553 0.509068 0.114547 0.314143
0 0.490727 0.364095 0.109687 0.172378
0 0.306857 0.512287 0.158183 0.388663
0 0.563867 0.336932 0.0690165 0.135949
0 0.20154 0.390725 0.0840835 0.16235
0 0.142992 0.463748 0.0827575 0.214255
0 0.709137 0.716098 0.166777 0.565161
0 0.87448 0.333277 0.0880836 0.170269
0 0.670264 0.365359 0.064169 0.141411
0 0.819562 0.401868 0.0736774 0.150398
0 0.735499 0.336835 0.0928719 0.14108
0 0.608228 0.447399 0.13836 0.292643
