56 0.525436 0.86248 0.171341 0.274508
0 0.615794 0.729241 0.181122 0.442441
0 0.856641 0.787731 0.246754 0.422587
56 0.16917 0.876492 0.176533 0.246766
56 0.283996 0.747611 0.112934 0.246075
0 0.96897 0.456186 0.059623 0.217967
0 0.221137 0.67822 0.206694 0.357536
0 0.419673 0.583345 0.100302 0.234383
63 0.756853 0.699622 0.0648317 0.104601
0 0.175757 0.45293 0.0750786 0.177084
0 0.704232 0.559203 0.0746054 0.151295
0 0.0622857 0.483908 0.0908863 0.188919
0 0.194804 0.575935 0.0819667 0.175952
0 0.331575 0.60157 0.100513 0.232679
0 0.0487309 0.777283 0.0971722 0.439797
0 0.676216 0.421282 0.0229433 0.126133
67 0.575254 0.704149 0.0301714 0.0234655
