0 0.398185 0.652476 0.119064 0.469246
0 0.565946 0.482952 0.0966169 0.399145
0 0.636772 0.747592 0.137589 0.370111
0 0.480583 0.566236 0.0872858 0.357713
0 0.697753 0.561337 0.172662 0.649258
0 0.917064 0.698611 0.164938 0.600614
0 0.119183 0.424025 0.0536354 0.252911
0 0.824831 0.546837 0.0928058 0.472863
0 0.0617401 0.431363 0.0579026 0.277765
0 0.337095 0.503261 0.0596345 0.252207
0 0.333265 0.341234 0.0729593 0.160409
0 0.90261 0.311144 0.0919638 0.209797
0 0.0168025 0.424586 0.033605 0.283646
0 0.632568 0.504219 0.0848663 0.477204
0 0.164432 0.394843 0.0394334 0.169313
