0 0.881966 0.605186 0.190408 0.717025
0 0.56713 0.508992 0.127633 0.633265
0 0.448436 0.527348 0.125871 0.632053
0 0.323479 0.555287 0.146807 0.650403
0 0.762151 0.576172 0.149875 0.669045
0 0.096549 0.550704 0.165472 0.649521
0 0.663627 0.538399 0.100597 0.582207
0 0.214092 0.531287 0.135866 0.647531
27 0.891158 0.417237 0.027103 0.0895396
27 0.326858 0.387604 0.0192385 0.0914547
27 0.0964176 0.410877 0.0225987 0.13706
0 0.0288784 0.604699 0.0577568 0.568109
0 0.717094 0.301626 0.069361 0.216013
27 0.727624 0.336913 0.0155569 0.073947
27 0.215951 0.38778 0.0228103 0.128421
0 0.842149 0.31153 0.0844567 0.178264
27 0.849833 0.358963 0.0216202 0.0505157
27 0.758655 0.422123 0.0365015 0.113143
