0 0.582658 0.504786 0.174756 0.466382
0 0.902633 0.500026 0.103308 0.487347
0 0.337483 0.456569 0.105399 0.456027
0 0.79683 0.488287 0.115214 0.430002
0 0.680512 0.478204 0.109427 0.514
0 0.427591 0.467022 0.113655 0.353398
0 0.23257 0.449841 0.101734 0.346648
0 0.137596 0.479143 0.0947598 0.490008
27 0.334283 0.344867 0.0192186 0.076612
56 0.436785 0.621418 0.116465 0.168679
56 0.795265 0.63335 0.121641 0.171325
27 0.896215 0.379179 0.0190418 0.07539
56 0.236566 0.615018 0.131204 0.177237
56 0.279652 0.606047 0.0493684 0.159889
