0 0.341092 0.265103 0.111616 0.0434932
0 0.619386 0.265164 0.0702784 0.0415243
0 0.710667 0.262466 0.0907686 0.0465643
58 0.0540697 0.272097 0.106481 0.0312505
0 0.787646 0.269011 0.0601949 0.0351273
0 0.409324 0.264417 0.0537395 0.0436831
0 0.559039 0.266413 0.0688723 0.0387999
45 0.74985 0.511516 0.488207 0.351143
0 0.0939848 0.465342 0.18797 0.284652
0 0.967067 0.269394 0.065867 0.0373035
0 0.493818 0.263213 0.056104 0.0457529
58 0.0547511 0.296215 0.109502 0.0773102
0 0.861481 0.266411 0.0521182 0.0379731
0 0.267982 0.264534 0.0606608 0.0424934
