0 0.231769 0.534059 0.153096 0.585476
0 0.733274 0.658997 0.162191 0.656621
0 0.11536 0.38315 0.102206 0.433427
0 0.592449 0.660476 0.151194 0.667661
0 0.389949 0.630181 0.16147 0.675366
0 0.813442 0.505608 0.126239 0.749021
0 0.0288329 0.376954 0.0576657 0.438505
0 0.4737 0.652338 0.150898 0.631355
0 0.319705 0.462723 0.102487 0.628785
0 0.401058 0.264731 0.101472 0.279126
0 0.480184 0.317576 0.0980293 0.319534
0 0.744032 0.280726 0.0927134 0.365067
0 0.588487 0.272095 0.106493 0.340361
0 0.636524 0.286663 0.163723 0.34596
