0 0.225042 0.549882 0.230668 0.875872
0 0.888416 0.566 0.152903 0.835622
0 0.549425 0.680894 0.081838 0.246808
0 0.296206 0.616067 0.172108 0.738253
0 0.522561 0.502401 0.0777481 0.325392
0 0.730697 0.592013 0.0677693 0.473991
0 0.796905 0.621346 0.128273 0.727285
56 0.365503 0.852495 0.0838706 0.288902
56 0.544062 0.855642 0.0957909 0.275453
56 0.101282 0.782353 0.0456939 0.335629
0 0.654404 0.669945 0.0600281 0.64033
0 0.506236 0.547199 0.045033 0.250753
56 0.962508 0.831883 0.0392048 0.174762
