0 0.259027 0.79892 0.181129 0.40074
0 0.651695 0.593603 0.162185 0.364539
60 0.562605 0.797558 0.511317 0.40305
0 0.345338 0.62688 0.156584 0.321521
56 0.26628 0.578073 0.0429965 0.0751488
0 0.41936 0.545941 0.105058 0.152743
56 0.135913 0.892798 0.110662 0.212757
13 0.0995584 0.810716 0.19883 0.374693
0 0.566346 0.469614 0.110666 0.240384
39 0.966207 0.583379 0.0194187 0.0752487
0 0.430146 0.397451 0.0377674 0.0946859
0 0.587743 0.422697 0.0677113 0.148158
56 0.731198 0.705637 0.0449797 0.236217
