0 0.33284 0.805743 0.284998 0.227205
0 0.136467 0.527156 0.242462 0.145413
0 0.647298 0.786505 0.370467 0.22159
0 0.706949 0.227428 0.233266 0.284085
0 0.534859 0.212836 0.134737 0.25668
0 0.270316 0.503267 0.0831913 0.122221
0 0.289364 0.257711 0.399919 0.282079
0 0.356221 0.511683 0.139237 0.140225
0 0.644875 0.493403 0.144106 0.119924
0 0.529137 0.846836 0.16735 0.151864
0 0.765138 0.499271 0.134032 0.143013
60 0.732909 0.55159 0.469925 0.0754661
0 0.740954 0.479681 0.0851256 0.100395
60 0.498079 0.928556 0.991834 0.132659
