0 0.122323 0.214118 0.167322 0.230497
0 0.184067 0.483118 0.16195 0.286162
0 0.737993 0.505017 0.201917 0.281033
0 0.055227 0.616887 0.110454 0.0848742
0 0.45537 0.576295 0.096992 0.161567
0 0.676967 0.147394 0.157164 0.260947
0 0.0982088 0.791843 0.131794 0.230732
0 0.0507369 0.938018 0.101355 0.123004
0 0.294357 0.595992 0.125141 0.11784
0 0.431713 0.183707 0.100137 0.124913
0 0.364973 0.581473 0.097927 0.14803
0 0.112443 0.926663 0.0730561 0.145426
58 0.178237 0.734759 0.0777445 0.091308
0 0.931514 0.540048 0.136438 0.225174
0 0.867528 0.778724 0.26246 0.244328
0 0.16211 0.0981431 0.0893561 0.12805
16 0.864066 0.93688 0.196448 0.125239
0 0.171577 0.925787 0.0698634 0.145587
0 0.905371 0.262278 0.142802 0.12016
0 0.603214 0.733815 0.138338 0.154602
0 0.437386 0.266572 0.115759 0.124354
0 0.54665 0.344504 0.0845474 0.236739
0 0.972745 0.225506 0.0545096 0.173814
58 0.417541 0.867599 0.154488 0.185955
0 0.900283 0.172242 0.100454 0.0951244
77 0.740833 0.256384 0.0977006 0.131748
0 0.236696 0.958196 0.111201 0.0827275
0 0.238956 0.0826521 0.119469 0.128269
0 0.756175 0.714326 0.116471 0.113943
0 0.650469 0.933735 0.214034 0.131659
56 0.0282758 0.278317 0.0565241 0.100856
16 0.604396 0.734655 0.135939 0.155022
75 0.397796 0.905294 0.0980562 0.112918
58 0.33469 0.78175 0.0628805 0.0764863
