0 0.55933 0.45028 0.323196 0.864202
0 0.912614 0.765825 0.174187 0.466865
0 0.0888041 0.754788 0.176854 0.488307
39 0.524392 0.845989 0.0794235 0.305888
0 0.344172 0.73246 0.216159 0.362043
0 0.936257 0.276182 0.0995342 0.391271
0 0.12166 0.609355 0.202616 0.62597
0 0.659442 0.911393 0.152251 0.176232
0 0.342198 0.470412 0.131178 0.296894
0 0.799918 0.482494 0.097626 0.204195
39 0.46804 0.836103 0.0664003 0.324346
39 0.922963 0.485932 0.0441421 0.110792
0 0.212767 0.477002 0.105654 0.287439
0 0.89012 0.898625 0.156419 0.201159
56 0.738992 0.751875 0.0785418 0.174091
0 0.748467 0.556027 0.102134 0.365295
40 0.359442 0.920592 0.148592 0.157286
0 0.977997 0.372609 0.043149 0.195798
27 0.530202 0.342999 0.0377817 0.199863
0 0.742422 0.423091 0.0765246 0.276337
