0 0.83941 0.461498 0.320328 0.64213
0 0.228606 0.569997 0.457212 0.836604
0 0.493526 0.452759 0.217494 0.348863
0 0.74557 0.451768 0.228713 0.428877
56 0.374238 0.523818 0.0539217 0.129483
0 0.284184 0.491568 0.281519 0.602864
0 0.0288029 0.426536 0.0574813 0.190286
39 0.795722 0.91941 0.129706 0.153622
60 0.654301 0.795801 0.677009 0.392314
45 0.448575 0.776517 0.0941603 0.0535021
45 0.825224 0.588084 0.0848387 0.0544545
45 0.683154 0.503291 0.0576744 0.0751491
0 0.866844 0.468336 0.0751286 0.190838
