0 0.0662604 0.585679 0.132521 0.818137
0 0.599691 0.752762 0.160587 0.492568
27 0.722859 0.849178 0.0556858 0.301644
0 0.518183 0.667288 0.0963331 0.523194
0 0.246697 0.557408 0.267078 0.868519
0 0.142597 0.60785 0.0599153 0.259069
0 0.410042 0.742764 0.0856667 0.502873
0 0.780392 0.502298 0.261135 0.976299
0 0.896572 0.747054 0.0926357 0.495769
27 0.0559036 0.752471 0.0315306 0.374676
27 0.578269 0.943695 0.0266787 0.10656
0 0.349754 0.724103 0.0847827 0.539973
0 0.679003 0.726597 0.0558683 0.413368
