0 0.150504 0.627401 0.210545 0.543663
0 0.771881 0.633712 0.426517 0.714904
0 0.906146 0.290786 0.139667 0.387735
0 0.634878 0.619857 0.266103 0.750524
73 0.797719 0.787814 0.1904 0.231739
0 0.228744 0.375058 0.119809 0.220189
0 0.346053 0.49301 0.17791 0.234163
0 0.594804 0.413859 0.100866 0.264672
0 0.498735 0.440315 0.116459 0.200132
27 0.645714 0.261611 0.0135567 0.0553668
73 0.55972 0.71211 0.127033 0.185597
27 0.221143 0.372322 0.0147533 0.0348501
0 0.27726 0.269348 0.0755172 0.147452
56 0.0945628 0.703832 0.0716403 0.209071
0 0.736743 0.170667 0.0676783 0.142876
0 0.792321 0.204744 0.107296 0.190113
73 0.388041 0.789661 0.0960755 0.0868433
56 0.0273218 0.422848 0.0546311 0.285539
