0 0.821935 0.492898 0.345849 0.985796
0 0.188859 0.551737 0.168495 0.413378
0 0.328271 0.484887 0.131748 0.491107
41 0.238186 0.68699 0.0260021 0.10191
0 0.0895475 0.664966 0.152298 0.487777
0 0.907775 0.433653 0.184451 0.418891
57 0.298784 0.670439 0.596263 0.624939
60 0.217489 0.839167 0.434326 0.296107
65 0.454974 0.513181 0.029595 0.0424687
0 0.46564 0.595475 0.318232 0.755854
57 0.821483 0.495267 0.357034 0.990533
0 0.42548 0.803584 0.237861 0.372121
0 0.587219 0.582855 0.109967 0.799678
0 0.470017 0.530809 0.126991 0.517398
0 0.611196 0.487526 0.0605831 0.593958
62 0.0562093 0.320955 0.112419 0.188664
