0 0.459234 0.684613 0.120776 0.468483
0 0.0988623 0.6582 0.0611117 0.210789
0 0.901585 0.656957 0.0851051 0.249943
0 0.585707 0.670363 0.0635595 0.244929
0 0.19183 0.658269 0.0412086 0.177755
0 0.656205 0.676697 0.0544888 0.25323
0 0.714278 0.663332 0.074554 0.281369
0 0.228192 0.661195 0.0381034 0.172733
0 0.832409 0.663879 0.0803017 0.241534
0 0.370533 0.707127 0.0715578 0.386709
0 0.772631 0.655894 0.0682269 0.239303
0 0.546076 0.6636 0.0415129 0.215241
0 0.32266 0.677759 0.0525114 0.244831
0 0.285139 0.66076 0.0588471 0.213925
0 0.41539 0.678338 0.0381489 0.308408
