0 0.414345 0.520172 0.190352 0.837721
0 0.0828729 0.700018 0.165746 0.561231
0 0.208262 0.54065 0.111069 0.594778
0 0.602504 0.535736 0.124567 0.75637
0 0.294107 0.546608 0.0922685 0.767282
27 0.365909 0.410004 0.0198207 0.227318
39 0.858465 0.896883 0.0198768 0.0984264
0 0.943857 0.55087 0.102066 0.571003
0 0.861614 0.503625 0.10528 0.531597
32 0.812264 0.839177 0.0498205 0.100187
0 0.746783 0.377009 0.102611 0.321319
27 0.208645 0.496991 0.0305175 0.308599
0 0.844208 0.301509 0.058023 0.132159
0 0.698616 0.331959 0.0955275 0.353385
27 0.419497 0.37808 0.0473739 0.274775
