0 0.132259 0.478873 0.264422 0.635748
0 0.350276 0.73092 0.241435 0.532071
0 0.497118 0.734652 0.202512 0.526632
0 0.933508 0.380543 0.101613 0.374191
0 0.208601 0.360245 0.147091 0.458021
0 0.627968 0.180832 0.137663 0.292719
0 0.35888 0.4291 0.201097 0.330419
0 0.752223 0.300906 0.150659 0.263757
0 0.317002 0.258297 0.123255 0.299191
0 0.704965 0.652948 0.360672 0.62682
0 0.424307 0.242671 0.134461 0.311966
0 0.901322 0.445988 0.186629 0.402023
0 0.617178 0.300263 0.120803 0.240872
0 0.710036 0.474115 0.122483 0.31033
0 0.509852 0.400297 0.119932 0.253504
0 0.60511 0.608805 0.15962 0.534229
