0 0.885035 0.610178 0.228678 0.757721
0 0.262133 0.565282 0.20789 0.848963
0 0.587832 0.893744 0.173672 0.204583
0 0.182534 0.751976 0.170224 0.479585
0 0.532623 0.452227 0.139541 0.336421
0 0.731834 0.629301 0.221812 0.723474
0 0.472316 0.378763 0.082165 0.329848
0 0.0838674 0.557643 0.16659 0.806891
0 0.400829 0.670676 0.132009 0.631321
55 0.499459 0.716489 0.206363 0.228634
0 0.0556384 0.695804 0.111277 0.582997
0 0.593218 0.370527 0.0681995 0.170372
0 0.352173 0.355592 0.0649509 0.215923
0 0.618857 0.541341 0.123066 0.548787
