0 0.760688 0.747014 0.234711 0.493267
0 0.232563 0.748927 0.255113 0.486526
0 0.878011 0.639081 0.156621 0.318151
0 0.503752 0.649936 0.412966 0.688431
0 0.933636 0.861987 0.131847 0.266674
0 0.680761 0.667482 0.094577 0.390881
0 0.0855643 0.681266 0.170971 0.391445
0 0.455703 0.556727 0.0918009 0.133633
0 0.981012 0.578621 0.0375215 0.294382
0 0.0686025 0.806935 0.136888 0.370939
0 0.92929 0.551034 0.0766243 0.234962
26 0.489416 0.92569 0.0885939 0.148619
0 0.0514986 0.490334 0.0591665 0.0427625
0 0.515668 0.529462 0.0913903 0.165528
0 0.477012 0.793798 0.153128 0.404892
0 0.564608 0.686344 0.0911692 0.226085
