0 0.725095 0.903924 0.163512 0.192152
0 0.239468 0.815393 0.14025 0.348941
0 0.946999 0.880871 0.103026 0.238258
0 0.867539 0.72074 0.127551 0.508606
0 0.345242 0.552838 0.0899968 0.326345
0 0.166564 0.579522 0.104847 0.390827
0 0.941823 0.585279 0.114324 0.36264
0 0.0360565 0.524052 0.0719517 0.25891
56 0.273734 0.897007 0.0832167 0.202144
0 0.357501 0.85464 0.12732 0.28054
0 0.618396 0.422098 0.100578 0.220905
41 0.294996 0.974308 0.0326999 0.0511774
56 0.588496 0.920177 0.126845 0.159548
0 0.103589 0.510192 0.0901949 0.404318
0 0.447881 0.926679 0.104483 0.146329
0 0.730613 0.672728 0.145562 0.342174
0 0.699979 0.45245 0.0920567 0.168119
0 0.507824 0.441638 0.0705824 0.215938
0 0.975825 0.836328 0.0478027 0.30283
0 0.075927 0.856387 0.151854 0.273979
60 0.574718 0.694437 0.234466 0.332812
