0 0.785219 0.627457 0.260409 0.727386
0 0.377432 0.612275 0.224567 0.761331
0 0.108418 0.406969 0.0680154 0.446636
0 0.171507 0.511482 0.128154 0.650527
0 0.0304235 0.42529 0.060847 0.472843
0 0.629233 0.420364 0.0804984 0.433222
0 0.496689 0.489411 0.122493 0.675879
0 0.941932 0.488198 0.113594 0.547536
0 0.720182 0.351233 0.078699 0.263684
0 0.561621 0.377831 0.0648698 0.385293
0 0.294053 0.367488 0.0808115 0.387451
0 0.850425 0.267301 0.0891556 0.190246
0 0.220514 0.336242 0.0662254 0.420352
0 0.456128 0.220057 0.0524422 0.13755
0 0.338355 0.324791 0.0702941 0.235045
27 0.45583 0.250456 0.0149994 0.0623081
