0 0.544928 0.846769 0.136348 0.304466
0 0.131386 0.799444 0.087717 0.18431
0 0.420549 0.752327 0.0334859 0.080254
0 0.0107553 0.764666 0.0215107 0.0776813
0 0.0658993 0.76567 0.0443519 0.0898996
26 0.501607 0.852906 0.0303849 0.109274
0 0.865821 0.727608 0.0203793 0.0353439
25 0.238368 0.703188 0.0776043 0.015733
0 0.669789 0.760971 0.0420335 0.0646492
0 0.354215 0.738939 0.0256404 0.055069
0 0.34555 0.741527 0.0236866 0.0504864
0 0.632418 0.847929 0.101218 0.139846
0 0.29846 0.734466 0.0233852 0.0593086
26 0.633885 0.82373 0.0996287 0.0838856
0 0.395773 0.741942 0.02609 0.0681854
0 0.475142 0.754726 0.0359468 0.0483473
0 0.437164 0.741606 0.0218786 0.0540674
