0 0.810515 0.796019 0.0948634 0.404586
0 0.623383 0.792651 0.146315 0.412296
0 0.296938 0.813307 0.0782788 0.368926
0 0.90976 0.853876 0.0972475 0.28908
0 0.421105 0.809939 0.0965949 0.378253
0 0.050404 0.822983 0.100089 0.350847
0 0.168902 0.842946 0.0790455 0.31154
0 0.678603 0.769932 0.0734146 0.456431
0 0.539485 0.790934 0.0791094 0.415279
0 0.34451 0.811478 0.0618622 0.373202
0 0.119976 0.828053 0.0561747 0.339327
0 0.200958 0.833831 0.0579741 0.324139
0 0.49702 0.752289 0.0541359 0.490339
27 0.51761 0.87612 0.0313423 0.247759
