0 0.2401 0.843395 0.147977 0.293437
0 0.914566 0.83973 0.146329 0.300222
0 0.759204 0.50126 0.145553 0.300152
0 0.0835683 0.839115 0.147945 0.301221
0 0.580787 0.848006 0.14262 0.280662
0 0.757649 0.165896 0.145275 0.295742
0 0.75781 0.861849 0.147922 0.255405
0 0.335596 0.501024 0.265773 0.323236
0 0.0820288 0.170285 0.139617 0.279001
0 0.422096 0.16508 0.14918 0.2947
0 0.920315 0.164464 0.145378 0.298789
0 0.427151 0.839321 0.139725 0.300983
0 0.910613 0.507099 0.156668 0.289477
0 0.230527 0.165028 0.174295 0.293277
0 0.574451 0.16863 0.141359 0.293145
