0 0.890287 0.42364 0.185568 0.794732
0 0.270732 0.62684 0.396473 0.728185
0 0.0883924 0.372341 0.113595 0.72544
0 0.160552 0.345855 0.12005 0.544385
0 0.577485 0.523785 0.118687 0.503407
0 0.736384 0.67564 0.299057 0.634098
0 0.455878 0.509317 0.137313 0.493093
0 0.357691 0.245394 0.132453 0.406559
0 0.761857 0.24758 0.119165 0.421797
0 0.361754 0.546672 0.0985886 0.455483
0 0.482659 0.253031 0.130612 0.35206
0 0.585075 0.201198 0.118008 0.388203
0 0.680504 0.215687 0.0873561 0.299571
0 0.257999 0.196642 0.0894635 0.262093
0 0.660377 0.472147 0.0986201 0.407092
0 0.67222 0.367326 0.074093 0.194201
