0 0.746284 0.663036 0.256591 0.163872
0 0.301512 0.503241 0.247514 0.131399
0 0.147357 0.358755 0.192537 0.146657
0 0.799915 0.503825 0.269715 0.130978
0 0.794427 0.873467 0.101333 0.097225
0 0.539656 0.702537 0.207487 0.0875797
0 0.480038 0.876209 0.0811071 0.0992939
0 0.299725 0.149405 0.234483 0.151667
0 0.702651 0.887097 0.0651922 0.0747585
0 0.664723 0.159019 0.170105 0.137214
0 0.63243 0.876861 0.0647721 0.0886425
0 0.558508 0.891612 0.0723075 0.0636581
0 0.179325 0.690592 0.134169 0.108677
0 0.0771412 0.678358 0.127336 0.13449
0 0.525456 0.155876 0.166492 0.129446
0 0.445167 0.09909 0.114011 0.0861575
0 0.501215 0.189502 0.31559 0.110811
0 0.139593 0.621013 0.106123 0.06787
0 0.798395 0.368756 0.273711 0.124889
0 0.66239 0.34635 0.229457 0.123923
0 0.63847 0.360729 0.603338 0.141751
