0 0.1386 0.723928 0.277201 0.537763
0 0.593009 0.696949 0.173228 0.521894
0 0.467761 0.457222 0.0788488 0.192445
56 0.486564 0.942475 0.166634 0.106666
60 0.364377 0.689532 0.437258 0.3288
0 0.271265 0.470322 0.121016 0.243404
0 0.964845 0.597577 0.0697632 0.301278
0 0.57084 0.450374 0.0989131 0.219548
0 0.380192 0.442968 0.0963142 0.180076
0 0.671292 0.608026 0.106988 0.420925
56 0.936166 0.750826 0.126604 0.400217
0 0.525584 0.41121 0.0793881 0.239118
56 0.750772 0.697016 0.0598261 0.176899
2 0.253185 0.28204 0.109823 0.0985135
56 0.820863 0.595262 0.0801668 0.270617
0 0.136729 0.370667 0.0430659 0.210793
0 0.929137 0.498874 0.0637504 0.207553
0 0.249235 0.363249 0.0424292 0.13668
56 0.667513 0.875401 0.201163 0.234937
39 0.220477 0.602444 0.0195585 0.0909524
0 0.156565 0.562698 0.0586222 0.21427
56 0.0686413 0.962293 0.136106 0.0678179
0 0.742131 0.353842 0.044741 0.151366
0 0.871563 0.404062 0.0571205 0.190111
41 0.304275 0.577039 0.0332664 0.0612276
0 0.0495809 0.359279 0.0644043 0.121264
56 0.87131 0.635036 0.0847429 0.302677
45 0.454668 0.648291 0.0709408 0.0591024
