0 0.274129 0.603007 0.356033 0.774464
0 0.785412 0.732002 0.145756 0.522133
0 0.958882 0.785354 0.0799896 0.425916
0 0.48174 0.807307 0.0773887 0.385386
0 0.561824 0.673982 0.374406 0.634092
0 0.856611 0.759263 0.131333 0.468256
0 0.899228 0.769911 0.0721514 0.441016
0 0.115371 0.770767 0.0698058 0.17478
0 0.0537266 0.79064 0.104302 0.207682
0 0.216661 0.838014 0.0384828 0.323971
0 0.0213706 0.69608 0.0425833 0.172653
0 0.197396 0.838138 0.0613494 0.323724
26 0.530998 0.846128 0.0885924 0.254006
24 0.530396 0.844189 0.0864302 0.253486
