0 0.503934 0.505988 0.191037 0.970192
0 0.628671 0.371895 0.140116 0.741861
0 0.247876 0.501014 0.230423 0.973866
0 0.400469 0.356815 0.133275 0.711607
0 0.818403 0.910072 0.100417 0.179856
0 0.896807 0.513271 0.205694 0.949612
27 0.61106 0.212477 0.0253949 0.209681
0 0.747366 0.418264 0.13732 0.828277
0 0.863832 0.0847773 0.126274 0.165391
27 0.395804 0.172558 0.0207533 0.222853
27 0.522438 0.339621 0.0266043 0.289018
0 0.955112 0.0830093 0.0889789 0.165565
0 0.349432 0.942274 0.106253 0.115451
0 0.744291 0.0788203 0.136524 0.157118
0 0.328128 0.347158 0.08093 0.688379
26 0.89164 0.39111 0.21672 0.211672
