0 0.406302 0.667388 0.224488 0.402501
0 0.557209 0.451229 0.113678 0.189085
0 0.513741 0.647249 0.166128 0.432424
0 0.464444 0.395065 0.0964567 0.147658
0 0.254247 0.569784 0.176592 0.296184
0 0.683706 0.39751 0.124941 0.16613
0 0.613734 0.338504 0.0776567 0.160952
0 0.653647 0.648923 0.220548 0.435978
0 0.409506 0.47446 0.0803384 0.218526
0 0.337409 0.42367 0.0870041 0.176664
0 0.39503 0.337223 0.0555889 0.0939546
0 0.277694 0.450962 0.0785936 0.117038
0 0.572768 0.371908 0.105471 0.139365
0 0.502967 0.344529 0.0704206 0.1064
