0 0.829817 0.843718 0.201302 0.312185
0 0.867427 0.50512 0.163182 0.3119
0 0.253607 0.406775 0.0559689 0.160071
0 0.966603 0.527089 0.0659472 0.251204
0 0.717347 0.492179 0.103351 0.321117
0 0.563588 0.309589 0.0382983 0.0898458
0 0.668382 0.863216 0.135233 0.271885
0 0.75765 0.104573 0.0509668 0.16925
27 0.851584 0.884861 0.0362232 0.185055
54 0.286249 0.783896 0.0818021 0.0709345
0 0.968894 0.21116 0.0384357 0.119885
0 0.344257 0.288602 0.0334166 0.14784
0 0.716843 0.122064 0.0801712 0.190261
0 0.0463385 0.771625 0.092677 0.456749
0 0.772373 0.455242 0.0411124 0.0668242
60 0.305279 0.794638 0.583845 0.408036
0 0.973487 0.958553 0.0521344 0.0817135
0 0.77281 0.522208 0.0482237 0.199446
0 0.280337 0.255292 0.0196882 0.0627779
0 0.307326 0.264662 0.0260325 0.07509
0 0.926846 0.404614 0.0256512 0.0325375
0 0.803021 0.43734 0.0345912 0.0858332
