0 0.812425 0.611102 0.174282 0.764276
0 0.434081 0.626899 0.177004 0.732833
0 0.0627379 0.651974 0.125476 0.679547
0 0.563275 0.676607 0.11576 0.640121
0 0.675476 0.627775 0.139967 0.740869
0 0.184921 0.694285 0.124332 0.592799
0 0.314804 0.66763 0.0933605 0.645406
0 0.936349 0.642894 0.126799 0.706271
27 0.43758 0.558886 0.0310084 0.218739
0 0.733885 0.346978 0.0935821 0.253917
0 0.919782 0.376332 0.0625213 0.290634
0 0.161062 0.359293 0.0827803 0.502452
0 0.359606 0.295028 0.0949751 0.340875
0 0.60884 0.368319 0.0832819 0.328574
0 0.0818387 0.344415 0.139346 0.519648
27 0.664608 0.549159 0.0198324 0.18235
27 0.961668 0.589586 0.0199482 0.197189
27 0.0993399 0.339075 0.0272156 0.166549
27 0.0887402 0.705926 0.0356069 0.365861
0 0.235564 0.380229 0.0923415 0.482876
0 0.444545 0.233333 0.0943623 0.318193
0 0.556216 0.28754 0.0666595 0.167541
0 0.762639 0.291552 0.0436962 0.180329
0 0.503025 0.341597 0.092667 0.275033
0 0.866686 0.392945 0.0870077 0.342856
27 0.718992 0.425492 0.024707 0.0855341
0 0.319722 0.274548 0.0463909 0.119443
27 0.253696 0.437758 0.0310743 0.329764
27 0.496303 0.417387 0.0117542 0.0969618
