0 0.324047 0.51614 0.137296 0.294912
0 0.739196 0.138514 0.201673 0.252382
0 0.872381 0.160802 0.234867 0.208204
0 0.420888 0.490857 0.129171 0.314872
0 0.180303 0.857462 0.104151 0.254553
0 0.528781 0.514808 0.128508 0.302655
0 0.843847 0.862322 0.139697 0.197035
0 0.702808 0.538067 0.136266 0.281335
0 0.176433 0.141014 0.0870963 0.158789
0 0.806802 0.144095 0.121146 0.24432
0 0.244047 0.136618 0.0829611 0.201978
0 0.651639 0.882682 0.172238 0.180756
0 0.787448 0.882318 0.140747 0.136434
0 0.257956 0.877172 0.105824 0.216283
0 0.599301 0.875592 0.114658 0.193899
0 0.737011 0.813671 0.0838072 0.103935
0 0.351002 0.159669 0.0985245 0.200185
0 0.604319 0.514549 0.108385 0.302232
0 0.307384 0.152182 0.0643474 0.18332
0 0.402936 0.127204 0.139963 0.154415
