0 0.458503 0.681936 0.102486 0.415316
0 0.365961 0.701398 0.115786 0.435814
0 0.109426 0.54148 0.128593 0.361699
0 0.245353 0.711386 0.137156 0.429283
0 0.634721 0.687409 0.134673 0.449799
0 0.546469 0.683003 0.090769 0.419521
56 0.786185 0.84462 0.295823 0.310755
0 0.743649 0.66865 0.117483 0.400439
56 0.131481 0.822198 0.129837 0.341294
0 0.200793 0.513554 0.0918871 0.274596
0 0.879728 0.503924 0.114028 0.31588
0 0.349826 0.470797 0.0918323 0.241421
0 0.437068 0.456376 0.103721 0.226514
0 0.274892 0.489625 0.0835613 0.202201
0 0.691923 0.475355 0.0852596 0.196762
0 0.597171 0.480188 0.0889952 0.191678
0 0.797596 0.496542 0.0647825 0.218126
58 0.439538 0.114347 0.159699 0.227288
27 0.225187 0.535984 0.0306181 0.114041
0 0.513659 0.482081 0.0770716 0.18586
60 0.0539841 0.72154 0.107644 0.129442
40 0.930427 0.623149 0.0250473 0.0683825
0 0.746834 0.41312 0.0556851 0.132971
0 0.553379 0.40853 0.0552647 0.129719
0 0.83821 0.406004 0.0455833 0.150045
56 0.947357 0.566146 0.0361134 0.090437
41 0.954985 0.746503 0.030138 0.0418839
56 0.0594704 0.622631 0.0599031 0.043443
60 0.883142 0.814378 0.233128 0.363535
