75 0.737013 0.758389 0.140552 0.27602
39 0.481958 0.24317 0.0202658 0.0875225
75 0.254107 0.527145 0.029236 0.12567
39 0.0632994 0.501198 0.033747 0.161837
58 0.770144 0.525165 0.260294 0.668187
39 0.0944919 0.502105 0.0210473 0.161153
39 0.458841 0.237349 0.0198927 0.0955399
39 0.0375175 0.502226 0.0313946 0.160648
39 0.443853 0.239426 0.016021 0.095794
75 0.227607 0.510764 0.0311076 0.150274
39 0.592067 0.232733 0.0210331 0.0861787
39 0.514112 0.239171 0.0154715 0.0670188
39 0.318566 0.184767 0.0167739 0.0595865
39 0.425772 0.236207 0.0153019 0.0942725
39 0.411706 0.241536 0.0143979 0.086249
60 0.442534 0.872433 0.225581 0.188495
75 0.284086 0.53984 0.035914 0.0944056
58 0.83588 0.523273 0.128994 0.574735
75 0.226909 0.548197 0.0282235 0.0717536
39 0.465466 0.240573 0.016839 0.0891106
39 0.417788 0.238735 0.013643 0.092099
75 0.258194 0.450155 0.0682296 0.281226
