0 0.907776 0.596167 0.163863 0.620953
0 0.252248 0.648134 0.171128 0.621285
0 0.768264 0.620948 0.138698 0.692186
56 0.151412 0.850882 0.15243 0.297295
0 0.11017 0.514449 0.156027 0.455391
0 0.468421 0.660238 0.141191 0.605119
0 0.367716 0.613787 0.116337 0.513117
56 0.0924826 0.868478 0.184965 0.255511
0 0.61512 0.650951 0.143564 0.659676
0 0.350775 0.329049 0.06295 0.0886447
0 0.670185 0.623727 0.0704349 0.658763
63 0.496521 0.531024 0.0912083 0.105686
56 0.335332 0.923501 0.194634 0.146869
0 0.576229 0.603967 0.0924354 0.597393
0 0.478222 0.386015 0.13848 0.210538
0 0.631489 0.307865 0.0488131 0.116657
73 0.25374 0.526365 0.10527 0.117901
63 0.32429 0.416997 0.0704611 0.0953591
