0 0.830058 0.539488 0.287067 0.575608
57 0.218848 0.656139 0.355233 0.208718
55 0.331564 0.884324 0.034006 0.0515605
55 0.19994 0.904784 0.0316686 0.0465652
56 0.391022 0.670016 0.0779747 0.164288
55 0.300845 0.891074 0.0313633 0.0389228
58 0.0513154 0.521121 0.0847389 0.142322
55 0.171361 0.891387 0.0350553 0.0631444
55 0.263318 0.745834 0.100944 0.0977145
55 0.390695 0.833176 0.0564997 0.0569088
60 0.250254 0.869896 0.496736 0.244905
75 0.0505638 0.57697 0.0187145 0.0356634
55 0.379292 0.831838 0.0312405 0.0454876
55 0.223445 0.884178 0.0302371 0.0482463
