0 0.927181 0.866888 0.144467 0.266224
0 0.083277 0.846148 0.166473 0.305151
0 0.503195 0.521266 0.767803 0.934458
0 0.211784 0.780182 0.213139 0.416713
0 0.764511 0.947469 0.106228 0.105062
0 0.791413 0.770844 0.202065 0.444465
0 0.682409 0.904828 0.110478 0.190343
0 0.743954 0.270623 0.131734 0.184619
0 0.232948 0.947178 0.119102 0.105643
67 0.181684 0.143529 0.0438856 0.0545728
0 0.817319 0.492918 0.135145 0.225434
0 0.69451 0.652273 0.142464 0.31777
0 0.936213 0.567418 0.126257 0.441429
0 0.0431192 0.397899 0.0862385 0.664605
0 0.201333 0.16523 0.241553 0.328023
0 0.182973 0.353918 0.297113 0.706083
0 0.932582 0.288951 0.133649 0.57103
0 0.875107 0.292048 0.122743 0.541578
