0 0.699437 0.628008 0.166152 0.493905
0 0.160767 0.657339 0.177818 0.675111
0 0.289676 0.719748 0.151906 0.546258
0 0.886996 0.630551 0.164187 0.711606
0 0.951466 0.678329 0.0966256 0.631495
0 0.458869 0.731788 0.186198 0.523507
0 0.0738576 0.693739 0.0904218 0.596622
0 0.48987 0.410131 0.0909045 0.193927
0 0.75309 0.424379 0.0706887 0.20558
45 0.597757 0.955615 0.123429 0.0887699
0 0.377851 0.408483 0.0602915 0.155244
0 0.553599 0.522973 0.0748093 0.35424
0 0.246958 0.405422 0.0785118 0.183459
0 0.331936 0.442002 0.0985129 0.185825
0 0.439064 0.416441 0.0540732 0.183083
0 0.604044 0.455887 0.060623 0.302469
0 0.655633 0.582865 0.0922828 0.397879
0 0.132149 0.384285 0.0457327 0.130579
0 0.830873 0.599517 0.0884457 0.534845
39 0.837445 0.95618 0.0344715 0.0876397
0 0.635213 0.443477 0.0728155 0.265156
0 0.663951 0.492051 0.0772524 0.210788
41 0.870899 0.971513 0.0498984 0.0569746
0 0.40862 0.382985 0.0360672 0.159476
