0 0.30307 0.521923 0.181225 0.944579
0 0.135147 0.53898 0.164454 0.897637
0 0.880799 0.70073 0.227072 0.592075
0 0.691163 0.587048 0.114917 0.714323
0 0.801797 0.563571 0.130422 0.773909
0 0.592848 0.587838 0.127431 0.699273
28 0.510661 0.809409 0.190457 0.370149
0 0.46001 0.417841 0.155344 0.700628
27 0.807177 0.377662 0.023592 0.136037
28 0.0902353 0.811053 0.179979 0.362921
27 0.866106 0.616078 0.030101 0.178658
27 0.447819 0.274157 0.0203991 0.0867858
27 0.698469 0.39362 0.0165857 0.0805369
27 0.721041 0.404119 0.0201738 0.0814487
