45 0.502608 0.542034 0.485108 0.64022
45 0.817381 0.231284 0.362894 0.462568
49 0.519207 0.0563719 0.116739 0.112744
45 0.147454 0.337219 0.293712 0.674438
45 0.427897 0.118543 0.47455 0.237086
49 0.410038 0.0752016 0.109685 0.150403
47 0.952721 0.846423 0.093613 0.20629
51 0.114617 0.786004 0.226344 0.0879546
49 0.544391 0.397922 0.185031 0.21494
60 0.512456 0.499996 0.971403 0.995549
45 0.851553 0.720753 0.295311 0.542442
49 0.403107 0.593136 0.15588 0.225097
47 0.139034 0.376049 0.12188 0.159291
47 0.0414742 0.312596 0.0827812 0.174484
47 0.0510568 0.476568 0.102114 0.16785
49 0.319035 0.0230769 0.114717 0.0461538
