0 0.17583 0.552869 0.0608425 0.582962
0 0.072484 0.503464 0.0778527 0.673453
0 0.261225 0.560986 0.0619322 0.548429
0 0.126774 0.550206 0.053117 0.575224
0 0.408335 0.558197 0.0543201 0.551037
0 0.228545 0.531781 0.0539978 0.594458
0 0.310764 0.561153 0.0547271 0.548838
0 0.933031 0.574698 0.0547498 0.460999
0 0.50897 0.563543 0.0524748 0.530879
0 0.559845 0.567388 0.0595621 0.526118
0 0.885049 0.548535 0.053944 0.513255
0 0.36169 0.580596 0.0584474 0.506476
0 0.460753 0.532223 0.0570908 0.598032
0 0.731553 0.550725 0.0664834 0.530826
0 0.608824 0.562943 0.0558836 0.527367
0 0.778946 0.550677 0.0458525 0.525889
