45 0.717511 0.930038 0.0786343 0.0660167
0 0.761716 0.597343 0.237119 0.399011
0 0.547625 0.592956 0.206083 0.413984
45 0.785105 0.915742 0.082442 0.0682534
45 0.896975 0.9649 0.192437 0.069221
45 0.600345 0.958954 0.131144 0.0813233
45 0.62573 0.882527 0.141687 0.0902862
60 0.68315 0.870968 0.629684 0.25499
45 0.443765 0.868657 0.0651988 0.0611358
45 0.691811 0.841011 0.102877 0.0798327
45 0.571644 0.784787 0.054113 0.04608
40 0.490911 0.834295 0.0346943 0.113786
45 0.72826 0.980142 0.136305 0.0389352
45 0.91808 0.903641 0.134342 0.0885101
45 0.800917 0.853882 0.116533 0.0976311
56 0.264142 0.8139 0.230333 0.371961
53 0.915308 0.901905 0.126587 0.0849796
41 0.491513 0.832251 0.0321367 0.105123
40 0.975907 0.860262 0.0473652 0.147045
44 0.857233 0.79416 0.0279863 0.0674758
