0 0.209059 0.619534 0.417674 0.760932
0 0.515548 0.295018 0.232905 0.531618
0 0.382399 0.278218 0.176683 0.412944
41 0.793082 0.720371 0.0988116 0.218056
60 0.515785 0.696317 0.968429 0.604799
0 0.264042 0.227107 0.160814 0.352752
0 0.684675 0.347728 0.169119 0.537212
0 0.114327 0.136551 0.224399 0.270244
39 0.651879 0.717293 0.0495224 0.113932
65 0.0385889 0.0947023 0.0731489 0.0319085
43 0.814837 0.845583 0.217486 0.124873
0 0.791396 0.455695 0.334584 0.517185
0 0.572567 0.096172 0.123682 0.191626
