0 0.544383 0.138798 0.889873 0.221972
0 0.550522 0.620806 0.882994 0.257352
0 0.106277 0.629965 0.212555 0.214826
0 0.0552074 0.424428 0.110415 0.101779
0 0.0541026 0.929007 0.108205 0.103224
0 0.0551294 0.173451 0.110259 0.0986884
0 0.290912 0.447646 0.37025 0.102712
27 0.0423841 0.62769 0.0732864 0.0797648
0 0.179775 0.172704 0.14233 0.0796566
0 0.178811 0.421188 0.138639 0.079118
0 0.287035 0.933701 0.374276 0.131709
0 0.185595 0.912183 0.113388 0.0510656
0 0.495226 0.959296 0.751309 0.0808033
0 0.895416 0.670974 0.202669 0.151863
