0 0.762924 0.867551 0.200869 0.255213
0 0.637171 0.926555 0.21136 0.146378
0 0.403924 0.93726 0.169839 0.124954
2 0.349045 0.13579 0.379822 0.201507
0 0.647297 0.772199 0.154528 0.158937
0 0.234712 0.960016 0.17477 0.0793427
0 0.91065 0.895021 0.178408 0.20911
0 0.490402 0.408666 0.11359 0.135762
0 0.0716064 0.146098 0.0804631 0.16759
0 0.445261 0.887931 0.160355 0.192309
0 0.117733 0.935321 0.197221 0.1282
4 0.500504 0.639163 0.995938 0.395862
0 0.24538 0.832128 0.123611 0.154229
0 0.896666 0.802315 0.126695 0.155175
0 0.25876 0.414696 0.159866 0.173047
0 0.304426 0.942508 0.129047 0.114412
0 0.826759 0.74451 0.0923129 0.133851
0 0.621591 0.865365 0.220782 0.15702
0 0.136733 0.140396 0.0747429 0.178849
0 0.491487 0.232767 0.0945315 0.114375
