0 0.75036 0.163681 0.46645 0.327362
0 0.262848 0.494023 0.450273 0.242949
39 0.459506 0.921657 0.0654579 0.0959595
39 0.458449 0.584699 0.0634479 0.0920807
0 0.693272 0.663716 0.612851 0.66779
0 0.287172 0.160516 0.377076 0.230972
0 0.0609401 0.466458 0.12188 0.260032
39 0.462014 0.241836 0.0601326 0.0900594
0 0.0506437 0.128004 0.101287 0.256007
0 0.191087 0.45099 0.221222 0.239754
0 0.498257 0.161251 0.236514 0.233274
0 0.215384 0.106615 0.264832 0.213157
0 0.510799 0.500101 0.248189 0.248359
0 0.0421279 0.795928 0.0842559 0.261145
0 0.201245 0.802901 0.367238 0.272728
0 0.460827 0.837531 0.41487 0.255935
0 0.938409 0.16419 0.121643 0.327689
60 0.374754 0.296005 0.749507 0.0718513
60 0.392956 0.973602 0.781314 0.0521243
41 0.260508 0.255792 0.0734108 0.0398364
