0 0.755617 0.329839 0.0835754 0.338698
0 0.66649 0.378985 0.118708 0.470296
0 0.399081 0.309693 0.0469105 0.201662
56 0.963449 0.404505 0.0643167 0.141963
27 0.755769 0.2697 0.0215803 0.102568
56 0.286268 0.354237 0.0695059 0.112122
56 0.358934 0.360769 0.0411957 0.0997868
56 0.254642 0.355767 0.0453874 0.111011
56 0.49176 0.408891 0.0521845 0.128706
0 0.432554 0.285868 0.0300537 0.154533
60 0.367774 0.729469 0.729765 0.511721
56 0.0637592 0.446954 0.0806069 0.180904
56 0.889782 0.395787 0.0724438 0.128567
