0 0.0812149 0.250962 0.162403 0.164445
0 0.579646 0.748826 0.165646 0.158226
0 0.749746 0.914375 0.162909 0.169748
0 0.0815181 0.411926 0.162668 0.160136
0 0.917976 0.581081 0.16376 0.162297
0 0.746564 0.750742 0.150684 0.160188
0 0.753815 0.0810205 0.167194 0.161276
0 0.246597 0.0810475 0.148842 0.161796
0 0.259583 0.918665 0.171385 0.161704
0 0.0815317 0.0811733 0.162235 0.161064
0 0.247978 0.329648 0.161757 0.322682
0 0.917199 0.750467 0.163668 0.165072
0 0.908217 0.920749 0.147087 0.157758
0 0.268811 0.749105 0.122749 0.156386
0 0.422236 0.916809 0.175312 0.165769
0 0.565044 0.0847866 0.145377 0.159531
0 0.919577 0.415473 0.155584 0.163109
0 0.104028 0.663899 0.20802 0.334042
0 0.91917 0.0802177 0.158732 0.158737
0 0.416674 0.749664 0.151843 0.154593
0 0.914897 0.335257 0.170165 0.332805
0 0.597956 0.91901 0.127357 0.160334
32 0.242277 0.38422 0.0850272 0.0955683
0 0.415715 0.0814986 0.168418 0.162828
