0 0.808105 0.754043 0.162952 0.353176
0 0.274262 0.675253 0.0899921 0.135922
0 0.476452 0.677978 0.0971482 0.14364
56 0.364332 0.777818 0.132185 0.0947787
0 0.175747 0.745478 0.119358 0.110767
0 0.530491 0.7906 0.166161 0.0735214
0 0.602056 0.671448 0.106722 0.124631
56 0.505231 0.770812 0.147403 0.105232
0 0.70362 0.65974 0.0532031 0.10222
0 0.178849 0.671794 0.100526 0.100424
0 0.423216 0.718467 0.0763415 0.0683116
56 0.264466 0.775802 0.0876754 0.0843421
56 0.289719 0.757583 0.13243 0.119048
0 0.0910034 0.660576 0.0567221 0.0663916
