0 0.180291 0.864449 0.197865 0.27018
0 0.699228 0.859234 0.131162 0.27975
0 0.628204 0.855634 0.0984798 0.288731
0 0.482563 0.862455 0.105066 0.274719
0 0.403995 0.874587 0.165983 0.250728
0 0.291717 0.861393 0.107595 0.275408
0 0.919665 0.861793 0.157627 0.275695
0 0.851099 0.851313 0.0894753 0.29492
0 0.969414 0.861912 0.0607491 0.272857
0 0.533518 0.793233 0.0789759 0.117664
0 0.0661845 0.868031 0.129464 0.262698
0 0.791126 0.877782 0.0727486 0.242452
24 0.792902 0.84724 0.0723635 0.14629
0 0.355163 0.801751 0.0547444 0.17147
