0 0.787626 0.578453 0.269937 0.83535
0 0.391682 0.580818 0.24627 0.820012
0 0.108666 0.598139 0.137069 0.789108
0 0.951814 0.601919 0.0958595 0.778459
0 0.272307 0.616369 0.358702 0.750335
0 0.0443908 0.602376 0.0885558 0.744004
0 0.704816 0.147718 0.0638964 0.264086
0 0.817662 0.111994 0.0680249 0.137834
0 0.554932 0.593774 0.287018 0.788486
0 0.646556 0.158504 0.0841076 0.141025
0 0.563691 0.187904 0.0381516 0.071176
0 0.0410495 0.304997 0.0413755 0.0903133
0 0.914687 0.350176 0.083876 0.290434
