0 0.603809 0.791574 0.154689 0.404272
0 0.702074 0.822021 0.124945 0.344004
0 0.857924 0.861821 0.118971 0.271054
0 0.343401 0.846657 0.180515 0.296479
9 0.0599079 0.0932548 0.102382 0.170622
0 0.158074 0.935251 0.0489884 0.128364
0 0.0315571 0.752873 0.0631141 0.480823
0 0.962533 0.879101 0.0744717 0.228522
25 0.771405 0.720329 0.0983025 0.0939604
0 0.265391 0.917136 0.068157 0.162689
0 0.118027 0.938308 0.0454486 0.12308
0 0.0857027 0.886062 0.0602154 0.220744
0 0.183573 0.87107 0.0582745 0.244766
0 0.879726 0.800303 0.0449776 0.121983
