0 0.0963607 0.716704 0.121901 0.535031
0 0.814294 0.691705 0.0862958 0.369995
0 0.412227 0.700183 0.108451 0.416283
0 0.300899 0.726853 0.10709 0.425897
0 0.886842 0.648798 0.0869545 0.42094
0 0.580653 0.683383 0.0861597 0.378772
0 0.19907 0.74366 0.0944166 0.418804
0 0.732974 0.689419 0.0848766 0.351089
0 0.745616 0.439486 0.0871864 0.379079
0 0.499556 0.68727 0.0867609 0.409673
0 0.660257 0.683613 0.0855866 0.379718
0 0.230576 0.486045 0.107618 0.412227
27 0.664254 0.715202 0.0215523 0.204648
0 0.0505835 0.436536 0.063239 0.437901
0 0.665467 0.441221 0.0861136 0.329198
0 0.569084 0.428977 0.0981928 0.334807
0 0.101951 0.42408 0.107218 0.326903
0 0.896654 0.419779 0.0837593 0.258293
0 0.4218 0.429957 0.0869918 0.334262
0 0.342878 0.542465 0.0951278 0.522453
0 0.821357 0.435697 0.0763808 0.322428
