0 0.562006 0.559709 0.582239 0.853312
27 0.472979 0.819722 0.0549232 0.358245
73 0.918681 0.706096 0.0401147 0.431067
73 0.868639 0.733656 0.0620845 0.385964
73 0.889037 0.221598 0.0358032 0.401856
73 0.968016 0.736289 0.0615047 0.396134
73 0.916616 0.243339 0.0345967 0.360458
73 0.101652 0.75759 0.0763915 0.341448
73 0.867945 0.21145 0.0346201 0.419272
73 0.332969 0.243178 0.0294639 0.357898
73 0.807832 0.249463 0.0289963 0.348542
73 0.0110628 0.235218 0.0221256 0.361392
73 0.942598 0.244701 0.031966 0.355233
73 0.30608 0.243063 0.0301676 0.358308
73 0.78429 0.25085 0.0274774 0.373046
73 0.355199 0.24268 0.0259698 0.354229
73 0.262092 0.246811 0.0252348 0.345526
73 0.231685 0.748035 0.0322854 0.356028
73 0.753728 0.24387 0.0413789 0.355271
