0 0.188639 0.74392 0.376213 0.494885
0 0.799225 0.729452 0.400996 0.526047
41 0.322364 0.705207 0.0394571 0.0795778
0 0.434207 0.467686 0.142823 0.235034
41 0.442584 0.774214 0.0402499 0.0922572
0 0.290899 0.542342 0.160401 0.347917
41 0.476503 0.768329 0.0427795 0.0999016
0 0.590569 0.52617 0.158157 0.355783
0 0.641799 0.601385 0.260747 0.501898
39 0.427259 0.639885 0.0461962 0.171368
39 0.378692 0.650142 0.0476636 0.136003
45 0.389126 0.776384 0.0806017 0.0684575
41 0.452217 0.597954 0.0291394 0.0631948
45 0.490564 0.600301 0.0556467 0.0417184
60 0.376353 0.780326 0.285463 0.414752
56 0.168814 0.639262 0.0809194 0.233208
0 0.777981 0.553638 0.152161 0.317506
45 0.279446 0.779963 0.0856541 0.0621056
0 0.965225 0.697872 0.0687429 0.228688
