56 0.111431 0.863653 0.155665 0.267041
0 0.568895 0.613097 0.10928 0.150895
56 0.351118 0.823166 0.106787 0.285609
56 0.202483 0.785104 0.0765189 0.249827
0 0.138031 0.593456 0.0837428 0.115179
0 0.833127 0.562364 0.0506522 0.0816823
56 0.634668 0.899488 0.156367 0.169244
56 0.0209161 0.908781 0.0416717 0.180247
0 0.781408 0.606129 0.0724335 0.164392
0 0.406505 0.599405 0.0773991 0.170234
0 0.47006 0.787398 0.14272 0.380719
0 0.644203 0.776023 0.177296 0.382393
0 0.277914 0.63862 0.0883119 0.2483
0 0.87637 0.575494 0.0613541 0.0599028
56 0.539914 0.978143 0.186061 0.0437141
0 0.495443 0.608476 0.0556875 0.118275
0 0.56754 0.520543 0.0615723 0.126419
56 0.473021 0.897622 0.121803 0.194408
0 0.34311 0.691076 0.0961036 0.260727
39 0.980646 0.520952 0.0137573 0.0583446
72 0.968878 0.7702 0.0618061 0.450616
56 0.0250176 0.673109 0.0500351 0.0651414
0 0.515292 0.565372 0.0572186 0.106334
60 0.128708 0.669149 0.254359 0.0905427
60 0.128797 0.772161 0.257044 0.273606
39 0.964372 0.519586 0.0176105 0.0592618
