0 0.798829 0.712314 0.203925 0.561198
0 0.252363 0.424284 0.191086 0.344668
0 0.166978 0.563004 0.333483 0.584013
0 0.496279 0.336144 0.211505 0.201697
60 0.397882 0.693904 0.748013 0.594132
56 0.852398 0.475608 0.0838173 0.132427
41 0.521177 0.675825 0.0432489 0.118727
41 0.511721 0.516611 0.033469 0.084756
41 0.544439 0.53152 0.0341448 0.0860374
41 0.309572 0.856297 0.0809611 0.184878
56 0.889738 0.624395 0.0710186 0.208546
39 0.520416 0.838502 0.0569304 0.149843
0 0.327572 0.361914 0.163492 0.220924
41 0.409366 0.52099 0.0368352 0.0815694
56 0.926496 0.829269 0.14638 0.326934
0 0.720719 0.471941 0.276832 0.402371
41 0.477561 0.482783 0.0236332 0.0581773
41 0.441234 0.50693 0.0292877 0.063633
0 0.675237 0.386572 0.191383 0.237075
45 0.643509 0.790332 0.109542 0.0978724
56 0.948495 0.43205 0.101817 0.208931
0 0.637967 0.319558 0.198056 0.332855
