0 0.248717 0.634332 0.41822 0.712055
0 0.559348 0.726725 0.190752 0.531066
0 0.769946 0.537522 0.160108 0.439543
0 0.591516 0.401245 0.175726 0.585686
0 0.140103 0.331681 0.140926 0.340831
7 0.833237 0.348037 0.33227 0.312895
0 0.416439 0.372182 0.12368 0.450065
0 0.0350254 0.496728 0.0700508 0.681373
0 0.215097 0.261915 0.0670373 0.16204
25 0.404053 0.167925 0.143132 0.0604188
0 0.2491 0.326067 0.0884336 0.210288
2 0.965509 0.462096 0.0685339 0.273496
26 0.462927 0.454692 0.0387989 0.0853771
0 0.477747 0.400006 0.0685019 0.350287
0 0.0356504 0.263567 0.0712574 0.247885
0 0.320954 0.245868 0.0748121 0.111138
