0 0.796392 0.755603 0.406143 0.48719
0 0.800587 0.249512 0.392527 0.47198
0 0.407498 0.265608 0.489001 0.447266
27 0.783007 0.35231 0.0525661 0.232827
27 0.78586 0.867409 0.0524224 0.247328
0 0.640808 0.217486 0.173336 0.281136
0 0.070711 0.330998 0.121308 0.312091
0 0.135152 0.842495 0.120834 0.294623
0 0.404218 0.759899 0.550665 0.479415
0 0.887914 0.655455 0.107472 0.120279
0 0.61528 0.739631 0.199188 0.277755
0 0.03105 0.374196 0.0595123 0.222614
0 0.923245 0.196681 0.148447 0.202251
0 0.204142 0.754895 0.0523241 0.135155
0 0.271174 0.277487 0.145436 0.193071
