0 0.703575 0.642019 0.207028 0.469346
0 0.572562 0.65261 0.0884241 0.522676
0 0.200543 0.687476 0.0886205 0.440828
0 0.478505 0.743187 0.118062 0.426841
0 0.0404307 0.585578 0.0501586 0.258535
0 0.408663 0.683888 0.0583091 0.42796
0 0.824374 0.576001 0.169059 0.492736
0 0.271128 0.698251 0.0665889 0.424507
0 0.354071 0.666469 0.0915985 0.489746
0 0.313598 0.754812 0.086329 0.358805
0 0.496496 0.582394 0.100362 0.368263
56 0.765309 0.914716 0.165889 0.159241
26 0.157172 0.636466 0.0382319 0.158557
0 0.517621 0.319136 0.175925 0.445196
