0 0.104322 0.645615 0.202619 0.694855
0 0.299827 0.635049 0.163456 0.714279
0 0.486056 0.606248 0.148673 0.70086
0 0.923881 0.589691 0.117461 0.640623
0 0.652943 0.55372 0.101942 0.533278
0 0.766229 0.566776 0.0976759 0.57007
24 0.810753 0.48122 0.0707018 0.180285
0 0.716172 0.557813 0.0688236 0.480017
0 0.564491 0.537906 0.081724 0.516946
0 0.842105 0.499832 0.0658196 0.381976
0 0.87356 0.335898 0.0413996 0.10121
24 0.72587 0.448407 0.0476442 0.127085
0 0.429887 0.431556 0.064117 0.319698
24 0.917665 0.435535 0.0830704 0.180836
24 0.566019 0.470814 0.0380706 0.155755
0 0.335944 0.478524 0.0902479 0.400392
26 0.498934 0.500093 0.0842715 0.275364
0 0.669292 0.315877 0.0290021 0.0705319
0 0.227301 0.559995 0.0713098 0.580748
26 0.392244 0.749758 0.0565512 0.164553
0 0.689331 0.335025 0.0305881 0.0824992
