0 0.634495 0.711304 0.368326 0.559275
0 0.158861 0.316076 0.193873 0.452761
0 0.766902 0.31657 0.227189 0.547464
0 0.367741 0.614722 0.232355 0.730228
56 0.865112 0.485279 0.234274 0.212028
56 0.184024 0.474218 0.150239 0.115348
0 0.57112 0.244273 0.187691 0.440568
0 0.0846051 0.209253 0.0723286 0.257279
63 0.922157 0.370703 0.0959877 0.065192
39 0.225614 0.770853 0.0510745 0.16168
56 0.202373 0.567933 0.088075 0.110238
0 0.279992 0.34875 0.0967134 0.221141
39 0.511941 0.337838 0.0532304 0.200127
56 0.686571 0.344647 0.0820021 0.156475
56 0.672736 0.256096 0.0422571 0.0715046
56 0.436625 0.873248 0.21297 0.245988
