17 0.0600059 0.765961 0.0934514 0.350797
17 0.138034 0.790276 0.158439 0.413563
17 0.883292 0.565686 0.142419 0.294385
17 0.968647 0.578417 0.0621735 0.296835
17 0.339946 0.687386 0.0747347 0.332565
17 0.223823 0.5574 0.0352262 0.106822
17 0.485629 0.670361 0.0714826 0.302024
17 0.79844 0.443833 0.0508455 0.194566
17 0.747653 0.591265 0.0466513 0.259251
17 0.400031 0.634744 0.0968147 0.198725
17 0.125402 0.625365 0.0455282 0.197841
17 0.474461 0.461366 0.034801 0.0829762
17 0.308565 0.667387 0.0381439 0.263893
17 0.399711 0.44042 0.0265549 0.0772167
17 0.829868 0.497657 0.0489956 0.102786
17 0.600067 0.585108 0.0747345 0.221519
17 0.167113 0.572837 0.041082 0.146251
17 0.738863 0.372335 0.0313938 0.0757846
