0 0.187089 0.540342 0.373706 0.895762
0 0.51896 0.577892 0.382515 0.823957
27 0.313194 0.357827 0.0333909 0.138925
0 0.830967 0.547345 0.334896 0.880663
27 0.242004 0.686082 0.0746082 0.492724
0 0.931433 0.273024 0.1367 0.431195
0 0.4456 0.205229 0.177825 0.410129
0 0.333095 0.253358 0.160853 0.388347
0 0.0548595 0.273067 0.109719 0.371892
0 0.576529 0.214179 0.163055 0.427152
27 0.735583 0.698876 0.0665146 0.43874
0 0.171051 0.175287 0.159954 0.341762
0 0.792499 0.0822447 0.142851 0.164489
0 0.96994 0.402533 0.059753 0.422345
0 0.200394 0.074005 0.10363 0.135242
0 0.481027 0.0949251 0.114653 0.1891
0 0.951114 0.559527 0.0971474 0.851691
