0 0.064769 0.697479 0.100654 0.39455
0 0.379354 0.739757 0.250603 0.395876
0 0.849172 0.666735 0.266719 0.623562
0 0.490002 0.714062 0.137957 0.345697
0 0.476569 0.226207 0.167713 0.213688
0 0.102068 0.217363 0.171672 0.226075
0 0.874067 0.161613 0.218597 0.286552
0 0.272102 0.706377 0.163175 0.342983
56 0.210728 0.303691 0.064574 0.0506509
0 0.349433 0.252873 0.136637 0.158384
0 0.665354 0.204035 0.2286 0.243269
0 0.15657 0.700656 0.10328 0.299479
0 0.865893 0.274273 0.203665 0.113602
0 0.79307 0.129043 0.0824484 0.20666
0 0.282146 0.278448 0.08145 0.101474
