41 0.379121 0.866218 0.0435972 0.0998951
0 0.0608687 0.623031 0.121637 0.338904
0 0.66831 0.526915 0.169701 0.321272
0 0.277978 0.400681 0.113242 0.173198
60 0.359661 0.693673 0.719321 0.585928
0 0.147673 0.592895 0.144145 0.227927
0 0.429381 0.348516 0.0587679 0.0909105
0 0.342772 0.379502 0.0733551 0.14596
0 0.634185 0.41741 0.083286 0.200734
0 0.383531 0.363508 0.0647962 0.111989
0 0.486008 0.33781 0.0444672 0.0952867
0 0.216367 0.477804 0.0838858 0.183984
0 0.547509 0.349545 0.0542539 0.0807271
0 0.888652 0.725768 0.220716 0.478515
56 0.161008 0.446965 0.0339643 0.0747287
0 0.737724 0.69372 0.136507 0.464379
0 0.611437 0.364583 0.051991 0.155136
0 0.831984 0.828303 0.232569 0.331114
41 0.532939 0.734891 0.0395453 0.152572
41 0.458937 0.879012 0.0399616 0.104418
