0 0.449316 0.278648 0.210763 0.344462
0 0.960116 0.20513 0.0730415 0.251809
0 0.0978265 0.428362 0.172458 0.38745
0 0.296791 0.357992 0.106662 0.37573
0 0.669787 0.240551 0.12012 0.279955
2 0.502006 0.570413 0.995988 0.771516
0 0.60904 0.205168 0.0559768 0.147271
0 0.139251 0.384998 0.0823889 0.322599
0 0.196221 0.374746 0.0602963 0.273338
0 0.840961 0.190967 0.0401398 0.134184
2 0.890956 0.226801 0.0789562 0.125134
0 0.017928 0.490433 0.035788 0.350254
0 0.783488 0.186751 0.0215536 0.06239
0 0.985589 0.202877 0.0283779 0.265059
