0 0.610346 0.517579 0.252819 0.687143
0 0.150227 0.531723 0.123416 0.667949
0 0.264242 0.531714 0.126052 0.660498
0 0.42445 0.533333 0.0903864 0.586693
0 0.705973 0.457938 0.0565393 0.37831
0 0.342279 0.540073 0.088678 0.623522
27 0.166577 0.371617 0.0219502 0.113673
27 0.636759 0.591791 0.0610146 0.267474
0 0.524012 0.382579 0.0372972 0.118545
27 0.329916 0.383562 0.0120624 0.0820553
41 0.711337 0.674619 0.0499281 0.0579654
0 0.384217 0.30109 0.0378348 0.106863
68 0.866147 0.597558 0.134914 0.242969
0 0.064491 0.342238 0.045601 0.122154
27 0.25861 0.374765 0.0142643 0.0877353
45 0.846525 0.434878 0.0446705 0.0491099
