0 0.885143 0.194842 0.192129 0.262469
0 0.692335 0.193033 0.192643 0.262509
0 0.118617 0.646681 0.189618 0.258524
0 0.692584 0.648636 0.194711 0.263552
0 0.501461 0.646412 0.193629 0.26617
0 0.120739 0.194432 0.192443 0.261073
0 0.881559 0.645267 0.194122 0.262638
0 0.3107 0.645412 0.194133 0.263265
0 0.511941 0.193984 0.180534 0.262727
0 0.309242 0.195102 0.194943 0.265244
27 0.324048 0.75935 0.0845412 0.0418971
27 0.536336 0.768725 0.0296496 0.0280398
27 0.131699 0.760635 0.0342052 0.0340535
0 0.760689 0.175399 0.0371464 0.0639027
