0 0.348054 0.538451 0.206528 0.909184
0 0.711819 0.60099 0.170463 0.472254
0 0.847981 0.611954 0.135648 0.513856
56 0.244491 0.585926 0.0943871 0.227941
0 0.52114 0.554396 0.124144 0.470816
56 0.960971 0.701266 0.0776646 0.328124
0 0.599812 0.557521 0.14835 0.457024
27 0.51195 0.493398 0.0315039 0.144372
0 0.807312 0.397962 0.0739479 0.187367
27 0.916395 0.444622 0.0178635 0.0628316
0 0.93566 0.42906 0.103393 0.237503
0 0.468097 0.550361 0.0723166 0.407032
0 0.989413 0.436082 0.0206935 0.214171
32 0.764758 0.106499 0.059288 0.0883397
0 0.937092 0.581606 0.103217 0.537864
0 0.754532 0.357164 0.0382648 0.0637563
32 0.582042 0.164105 0.0432337 0.0693849
0 0.703192 0.424533 0.0659909 0.184354
