0 0.559332 0.620389 0.333804 0.739424
0 0.216328 0.650914 0.228893 0.682281
0 0.377093 0.643828 0.187171 0.70557
0 0.130479 0.627718 0.190428 0.72882
0 0.0654767 0.603403 0.130953 0.661284
32 0.131824 0.189006 0.0469856 0.0588057
0 0.894933 0.614749 0.208449 0.745484
0 0.796658 0.666391 0.249176 0.650974
0 0.218495 0.276498 0.0596313 0.0737974
0 0.96516 0.400445 0.0692943 0.206064
25 0.561857 0.0696922 0.573874 0.133039
0 0.452746 0.357129 0.0632206 0.0900378
25 0.549924 0.172502 0.603412 0.337774
