0 0.75769 0.628322 0.196526 0.494781
0 0.878405 0.651798 0.115941 0.451609
0 0.966374 0.646585 0.0671223 0.45561
0 0.20467 0.602272 0.187603 0.43254
0 0.596584 0.586488 0.148001 0.232023
0 0.333952 0.603698 0.128445 0.343401
0 0.553563 0.502408 0.0894787 0.26623
0 0.683439 0.502235 0.0825869 0.195547
27 0.232219 0.537918 0.0176172 0.0470874
0 0.435797 0.510876 0.181364 0.375813
0 0.0453369 0.601396 0.0906738 0.426914
0 0.0214853 0.441916 0.0429521 0.172383
0 0.921269 0.492776 0.0567898 0.141704
27 0.488796 0.523296 0.0281897 0.118014
0 0.178125 0.461822 0.0791807 0.162854
60 0.799371 0.922163 0.399414 0.128038
0 0.224747 0.887912 0.266605 0.208374
0 0.118961 0.393987 0.0610883 0.0788668
41 0.602062 0.696483 0.0206949 0.0392738
56 0.226075 0.898006 0.262407 0.19795
0 0.112346 0.614873 0.0988264 0.387119
0 0.631942 0.46278 0.0810732 0.215676
