0 0.653434 0.440615 0.0993559 0.288578
0 0.743143 0.487755 0.100093 0.295797
0 0.434967 0.487906 0.0819783 0.285624
0 0.467789 0.561636 0.101947 0.236803
0 0.839857 0.462204 0.111326 0.330186
0 0.358856 0.495628 0.120102 0.341179
0 0.530093 0.450081 0.0826347 0.233576
0 0.604908 0.462018 0.0807556 0.235886
0 0.0854258 0.615169 0.0973922 0.454991
0 0.913988 0.472955 0.0762729 0.309634
0 0.152619 0.577507 0.0798677 0.512592
0 0.960647 0.477543 0.0778136 0.223528
0 0.212893 0.558563 0.0907707 0.50431
0 0.0411749 0.397671 0.0821526 0.227444
0 0.959617 0.602323 0.0798948 0.488641
0 0.861171 0.65783 0.0934359 0.309009
