0 0.637693 0.559615 0.644276 0.861405
0 0.330648 0.533727 0.359627 0.76324
0 0.929304 0.527716 0.140789 0.714655
0 0.1673 0.366965 0.16691 0.40593
0 0.451449 0.151619 0.163838 0.301428
0 0.0833409 0.340524 0.151508 0.346891
56 0.196759 0.413577 0.140716 0.336034
0 0.325937 0.275751 0.0910798 0.154659
0 0.550298 0.247533 0.0739944 0.126153
0 0.270116 0.241581 0.0538032 0.128325
0 0.609046 0.330264 0.203859 0.267779
0 0.0478243 0.283667 0.0956487 0.248113
58 0.0158922 0.440543 0.0315806 0.0866531
56 0.551681 0.344776 0.096481 0.193593
56 0.711761 0.883783 0.185537 0.225251
