62 0.383357 0.104756 0.289275 0.186538
0 0.26535 0.595646 0.517007 0.78827
0 0.077566 0.316786 0.14484 0.180708
0 0.404145 0.284164 0.16482 0.17672
0 0.660589 0.694001 0.611424 0.596109
0 0.887365 0.12246 0.126678 0.138403
41 0.286498 0.34032 0.0236198 0.0336888
67 0.599224 0.259333 0.0645966 0.0268569
0 0.360583 0.103356 0.0742572 0.141932
41 0.264818 0.341734 0.0272826 0.0368716
56 0.358073 0.502754 0.153866 0.180608
56 0.168215 0.290609 0.0674408 0.0711487
0 0.533361 0.223197 0.0728741 0.106616
56 0.120761 0.852433 0.187883 0.283467
0 0.439097 0.227038 0.0827818 0.130956
60 0.954624 0.749174 0.0902855 0.479037
0 0.45674 0.466261 0.476065 0.558363
56 0.335007 0.621005 0.0861598 0.106857
