0 0.12992 0.618182 0.25984 0.737919
0 0.519333 0.581915 0.353764 0.811329
0 0.792406 0.610369 0.259453 0.760557
0 0.920438 0.643319 0.158533 0.693569
27 0.771284 0.675375 0.0564898 0.441727
0 0.330868 0.623858 0.174834 0.727058
27 0.158144 0.626703 0.0339736 0.232264
0 0.27407 0.372903 0.119961 0.326291
67 0.14787 0.782263 0.0431771 0.0329888
0 0.0429809 0.433995 0.0851957 0.209617
27 0.514838 0.561598 0.0401701 0.272193
27 0.357296 0.549072 0.0243274 0.154148
0 0.652734 0.395302 0.100454 0.144231
27 0.272875 0.445848 0.0223812 0.0551251
27 0.96383 0.64188 0.0657992 0.239722
