0 0.142103 0.572776 0.264052 0.353958
0 0.402534 0.216602 0.103815 0.200608
0 0.545532 0.197924 0.17884 0.305719
0 0.578697 0.530901 0.251066 0.318453
0 0.0707365 0.183497 0.140387 0.271964
0 0.23579 0.193054 0.106437 0.24788
0 0.666563 0.21289 0.121087 0.26049
0 0.162729 0.179356 0.103549 0.277584
0 0.78234 0.235468 0.152299 0.244289
0 0.76117 0.557225 0.159137 0.26747
0 0.713385 0.147866 0.0397102 0.0838151
0 0.8685 0.203066 0.0587559 0.145123
0 0.228262 0.594794 0.0588324 0.116608
0 0.020864 0.600483 0.0244002 0.0979333
0 0.839566 0.566092 0.108965 0.237042
72 0.486062 0.642144 0.970497 0.683827
0 0.338624 0.238086 0.0783351 0.146934
0 0.258126 0.608109 0.0347424 0.0967068
0 0.308021 0.28301 0.0567646 0.0662184
0 0.305162 0.212575 0.0817345 0.199274
