0 0.375062 0.510157 0.195858 0.587038
0 0.547755 0.174747 0.072623 0.321895
0 0.243983 0.601656 0.267705 0.753991
0 0.492242 0.449174 0.155307 0.542298
0 0.614593 0.424104 0.0959292 0.451432
0 0.795228 0.371639 0.175621 0.491387
2 0.681033 0.16317 0.176155 0.17252
0 0.689631 0.384867 0.140495 0.494576
0 0.0375794 0.255443 0.0751589 0.249134
0 0.100463 0.241077 0.10701 0.361185
0 0.361655 0.286873 0.154224 0.520063
2 0.245853 0.188203 0.148916 0.198062
26 0.401327 0.478819 0.0627651 0.207177
2 0.38789 0.119748 0.0478021 0.0872441
0 0.0710728 0.122883 0.0566909 0.125475
2 0.416306 0.103995 0.0298817 0.0601226
32 0.891747 0.217641 0.0613319 0.0807597
