0 0.562878 0.553877 0.138908 0.209777
0 0.140413 0.243294 0.187965 0.173873
0 0.737692 0.56267 0.172819 0.188193
0 0.122163 0.846831 0.131674 0.229345
0 0.357624 0.218325 0.167487 0.214886
0 0.323677 0.812932 0.225345 0.243723
0 0.875218 0.487561 0.164032 0.222561
0 0.273585 0.543064 0.13432 0.199648
0 0.0987235 0.583693 0.126069 0.153223
0 0.215272 0.847895 0.0952639 0.179704
0 0.172706 0.564633 0.103877 0.134101
0 0.476014 0.518622 0.104053 0.212175
27 0.258261 0.534337 0.0190219 0.0510568
0 0.398462 0.841787 0.117948 0.188477
0 0.588538 0.776746 0.163102 0.198549
