0 0.149759 0.6554 0.232407 0.484063
0 0.644275 0.766478 0.161934 0.401847
0 0.790382 0.765877 0.156437 0.40402
0 0.340485 0.439545 0.137192 0.265288
0 0.71791 0.466303 0.101714 0.44245
0 0.0802267 0.48086 0.101706 0.495439
0 0.449292 0.495125 0.104189 0.146775
0 0.246136 0.451774 0.108418 0.310122
0 0.225472 0.706455 0.173983 0.384535
0 0.651045 0.480972 0.0965135 0.312418
0 0.868989 0.694524 0.185844 0.570055
0 0.496763 0.450874 0.0767782 0.244292
0 0.159183 0.484877 0.085908 0.308069
0 0.413653 0.41369 0.0864899 0.18974
0 0.160988 0.318246 0.0904868 0.16803
0 0.42267 0.328429 0.103976 0.167872
0 0.584379 0.466709 0.0820819 0.248399
0 0.594211 0.666761 0.136406 0.408507
0 0.630812 0.338722 0.0661217 0.178728
0 0.827921 0.283402 0.226418 0.310778
0 0.538202 0.361594 0.0627926 0.214162
33 0.427349 0.73488 0.308517 0.362224
32 0.273972 0.811584 0.0392851 0.0510945
25 0.428195 0.733409 0.305537 0.366277
