0 0.924417 0.696919 0.150398 0.589743
0 0.0724362 0.710696 0.144846 0.559672
0 0.564118 0.753394 0.23859 0.479453
0 0.28977 0.448361 0.208 0.477946
0 0.812514 0.451529 0.267549 0.746754
0 0.185359 0.69001 0.234842 0.579752
0 0.342285 0.868677 0.289695 0.246994
0 0.757461 0.88556 0.34178 0.214501
0 0.436355 0.538313 0.278494 0.545942
0 0.62152 0.389874 0.24841 0.777882
0 0.0809721 0.342568 0.161944 0.274398
0 0.953055 0.221615 0.093443 0.430136
0 0.0875191 0.16078 0.174727 0.313949
0 0.350419 0.180947 0.182108 0.292292
0 0.847732 0.0619136 0.138574 0.114564
0 0.20507 0.136114 0.13138 0.23459
0 0.712171 0.178746 0.105467 0.357493
