0 0.588463 0.856126 0.121198 0.273859
0 0.947373 0.802907 0.0929129 0.320253
0 0.44671 0.777319 0.0626671 0.266365
0 0.236301 0.890394 0.0892638 0.209745
0 0.71687 0.809271 0.0727981 0.301248
0 0.666126 0.789508 0.0540741 0.266235
0 0.281705 0.749446 0.0487635 0.243196
0 0.49724 0.771416 0.0534825 0.25684
0 0.794652 0.939432 0.0790523 0.115015
0 0.189191 0.74762 0.045513 0.213011
0 0.315418 0.737448 0.0346737 0.194544
0 0.14698 0.7498 0.048329 0.217462
0 0.0684908 0.721721 0.0438601 0.166174
0 0.57246 0.713908 0.0388523 0.136245
0 0.476283 0.936309 0.0868761 0.1211
0 0.0181311 0.722542 0.0362622 0.154879
29 0.0507374 0.277311 0.0894174 0.117191
32 0.551353 0.589292 0.0599758 0.0957894
0 0.877472 0.731012 0.0394802 0.170923
