0 0.207103 0.447139 0.260451 0.848684
0 0.490885 0.409174 0.214469 0.704302
0 0.7946 0.659747 0.253377 0.662086
27 0.20372 0.395167 0.0475399 0.336785
39 0.286925 0.676382 0.0361077 0.169689
0 0.919578 0.507127 0.160193 0.961128
56 0.943601 0.835887 0.0779835 0.318736
40 0.631695 0.801235 0.0531229 0.154677
41 0.631966 0.786796 0.0569405 0.173335
39 0.501252 0.683909 0.0217437 0.16423
39 0.651847 0.825002 0.0433797 0.194076
0 0.0345906 0.50159 0.0446317 0.101931
60 0.519737 0.800495 0.774752 0.379704
