0 0.704099 0.234867 0.255783 0.441395
0 0.376229 0.38681 0.368306 0.691588
0 0.179716 0.602103 0.359432 0.774689
0 0.105132 0.180757 0.0984506 0.205848
0 0.883074 0.144711 0.0622976 0.109304
0 0.557215 0.234685 0.0706692 0.140593
0 0.969882 0.248896 0.0593191 0.214697
39 0.0515781 0.379514 0.0238196 0.0751753
0 0.322602 0.103736 0.0504462 0.098965
0 0.222787 0.272458 0.0589807 0.155129
0 0.278114 0.193735 0.0578038 0.164199
0 0.222691 0.19214 0.0707595 0.153929
0 0.85635 0.202032 0.0398281 0.0799213
0 0.765468 0.113551 0.0279308 0.0551783
0 0.816497 0.143774 0.052575 0.104881
0 0.586869 0.189601 0.0322784 0.130202
0 0.118398 0.294085 0.0778248 0.199973
0 0.0186007 0.217304 0.0369716 0.258025
