41 0.449535 0.942317 0.0591292 0.0948839
0 0.69381 0.789972 0.326516 0.401847
0 0.0502542 0.864446 0.100253 0.263141
0 0.916459 0.722022 0.167083 0.532474
56 0.300986 0.83816 0.195627 0.208213
0 0.366099 0.695023 0.220125 0.49966
0 0.216405 0.444471 0.103018 0.406875
39 0.347345 0.950554 0.0481567 0.0988923
0 0.253769 0.568905 0.115366 0.251493
0 0.799348 0.470677 0.0797968 0.169371
0 0.581489 0.557289 0.123109 0.282869
56 0.896193 0.903039 0.110096 0.188729
0 0.0717654 0.709703 0.143002 0.468109
0 0.781718 0.750298 0.160446 0.440606
41 0.16986 0.664981 0.0321978 0.085802
0 0.949637 0.550417 0.100027 0.259129
56 0.073302 0.809201 0.146604 0.267636
56 0.532843 0.700118 0.103102 0.253695
60 0.309812 0.957296 0.452896 0.0776316
0 0.0604733 0.596082 0.12058 0.242043
0 0.68859 0.420851 0.106346 0.263515
0 0.703294 0.503528 0.151369 0.169495
