0 0.426474 0.467677 0.192483 0.489891
0 0.705009 0.440849 0.241085 0.522279
0 0.94978 0.395995 0.0994267 0.494872
0 0.270504 0.48685 0.193603 0.537218
41 0.870704 0.654091 0.0410822 0.119881
0 0.0456801 0.626751 0.0912951 0.333433
0 0.840723 0.366172 0.125409 0.425634
0 0.908446 0.535391 0.103501 0.237459
0 0.511408 0.168353 0.138903 0.333106
0 0.535158 0.410238 0.146916 0.514637
41 0.539473 0.702265 0.0383155 0.123834
39 0.17387 0.737282 0.0408261 0.181049
0 0.63391 0.201193 0.118205 0.395373
41 0.841824 0.642694 0.031855 0.126258
0 0.227494 0.229071 0.151633 0.451369
41 0.172227 0.757447 0.0404885 0.136025
63 0.755793 0.676462 0.143862 0.127419
