0 0.117883 0.53452 0.130436 0.842908
0 0.718216 0.561114 0.146843 0.805505
0 0.463793 0.540963 0.113751 0.75916
0 0.233785 0.539613 0.123774 0.7638
0 0.83715 0.548288 0.12462 0.808903
0 0.905561 0.511796 0.109543 0.832404
0 0.581205 0.536545 0.137921 0.765182
0 0.346819 0.546778 0.137958 0.784625
27 0.248731 0.355256 0.0196894 0.139611
0 0.411151 0.214186 0.0649404 0.187653
27 0.706566 0.358798 0.0187033 0.126098
27 0.368086 0.355065 0.0238255 0.128531
0 0.767671 0.222051 0.0714762 0.217975
0 0.30919 0.198403 0.0779338 0.23854
27 0.647931 0.281339 0.017243 0.0731462
0 0.524224 0.217255 0.0744736 0.209265
27 0.51398 0.279993 0.0181912 0.0711817
0 0.644165 0.224185 0.0782572 0.195884
27 0.182014 0.257107 0.0204571 0.0795234
0 0.181099 0.192084 0.0698369 0.225406
27 0.420387 0.270621 0.0119825 0.0555093
27 0.303388 0.270362 0.0271691 0.0803232
27 0.479101 0.34978 0.0184034 0.123416
