0 0.779769 0.298674 0.0969307 0.59022
0 0.160988 0.303204 0.163702 0.601353
0 0.284407 0.466025 0.0380554 0.256657
0 0.0523563 0.299586 0.104512 0.588048
0 0.927982 0.461164 0.138792 0.285905
0 0.969873 0.168673 0.0560177 0.333134
0 0.319312 0.450747 0.0412158 0.302571
0 0.473414 0.406001 0.0995692 0.382509
0 0.587939 0.301966 0.31561 0.592029
0 0.255013 0.434371 0.0314197 0.316343
0 0.360483 0.468176 0.0273514 0.257562
0 0.857618 0.317367 0.0650536 0.556818
0 0.435071 0.416174 0.0525327 0.345361
0 0.349836 0.458082 0.0262254 0.269746
