0 0.0905214 0.445313 0.18085 0.675308
0 0.253891 0.61683 0.120253 0.347535
0 0.777059 0.687832 0.444215 0.605462
0 0.719119 0.724793 0.113724 0.550414
0 0.665904 0.481097 0.0897558 0.151152
0 0.377816 0.501453 0.0841853 0.371275
0 0.6671 0.621251 0.0975032 0.436109
0 0.0731901 0.723229 0.14605 0.538347
0 0.465314 0.637158 0.369829 0.704174
25 0.202521 0.40249 0.0881661 0.0855811
0 0.82058 0.45839 0.0501772 0.135903
0 0.229612 0.800254 0.433192 0.376326
0 0.327532 0.654163 0.205128 0.669257
0 0.162195 0.565515 0.0368141 0.217678
