0 0.6337 0.77119 0.256219 0.442651
0 0.143822 0.71614 0.196358 0.551541
0 0.914871 0.781824 0.169464 0.419962
0 0.325115 0.661495 0.195275 0.655386
0 0.905098 0.275514 0.188978 0.527137
0 0.441949 0.591712 0.116565 0.801743
0 0.717358 0.844313 0.174769 0.302237
0 0.805011 0.745941 0.122702 0.376471
0 0.954486 0.151173 0.0901661 0.288782
0 0.712973 0.335396 0.166273 0.415413
0 0.588398 0.668507 0.0999776 0.236037
0 0.534907 0.697027 0.0701916 0.292612
67 0.903944 0.322203 0.120888 0.14223
0 0.776068 0.07856 0.0933161 0.155677
