0 0.595261 0.830125 0.185628 0.328336
0 0.55378 0.527393 0.245586 0.409173
0 0.80073 0.850281 0.207996 0.290589
0 0.954296 0.91225 0.0909192 0.171583
0 0.113709 0.857125 0.184624 0.279718
0 0.246999 0.816986 0.137971 0.359862
2 0.123616 0.41405 0.247232 0.245926
0 0.361262 0.429647 0.216363 0.469695
2 0.0588485 0.267115 0.117477 0.0929527
0 0.517024 0.739358 0.150532 0.246573
0 0.410984 0.879044 0.222232 0.241913
0 0.0241798 0.819613 0.0483596 0.321738
0 0.0760268 0.811769 0.0969285 0.26943
0 0.899897 0.769733 0.105745 0.23404
2 0.161184 0.232922 0.14325 0.0999227
0 0.731647 0.323773 0.0518753 0.171252
0 0.416049 0.268111 0.0356791 0.141311
5 0.556074 0.255912 0.13529 0.18594
0 0.666368 0.303303 0.0399428 0.153875
0 0.0960782 0.451088 0.0881404 0.168079
0 0.231166 0.558671 0.12017 0.198392
0 0.739357 0.458574 0.0566862 0.184779
7 0.564595 0.258315 0.157641 0.19226
0 0.833129 0.276386 0.0421791 0.120286
0 0.801172 0.303967 0.0348893 0.102399
