25 0.490989 0.800403 0.0728252 0.0547152
0 0.151856 0.613173 0.106804 0.304649
0 0.48786 0.903084 0.0299658 0.168014
0 0.0944977 0.624817 0.0745519 0.277695
0 0.778399 0.913048 0.0308115 0.166353
0 0.445504 0.902007 0.0348852 0.164603
0 0.679118 0.909398 0.0354852 0.172365
25 0.617773 0.832345 0.0871903 0.0856621
0 0.863977 0.914696 0.0370567 0.164731
0 0.0450966 0.620759 0.0775125 0.28463
25 0.964794 0.799309 0.0686771 0.0404569
0 0.106169 0.843005 0.0274404 0.0961438
0 0.821805 0.914012 0.0367115 0.166681
0 0.913534 0.913751 0.0345299 0.168474
0 0.511884 0.894839 0.029808 0.159742
25 0.543158 0.797158 0.0441395 0.026692
0 0.206226 0.874854 0.0314573 0.155265
0 0.611307 0.913685 0.0422925 0.155003
0 0.366581 0.813526 0.0255707 0.117946
0 0.943292 0.905323 0.0317341 0.184115
25 0.731878 0.807136 0.0567989 0.0513387
0 0.64902 0.911866 0.0286328 0.158521
0 0.346663 0.531045 0.194485 0.386466
0 0.752579 0.91314 0.0335252 0.164763
25 0.425924 0.730256 0.168913 0.0591746
0 0.718933 0.91495 0.0382055 0.155795
0 0.541654 0.893633 0.0312128 0.163713
