0 0.507216 0.611546 0.586227 0.75648
27 0.537969 0.879353 0.0931329 0.199388
0 0.374008 0.245754 0.0463407 0.0883681
0 0.461058 0.206863 0.189076 0.319969
0 0.657683 0.206517 0.143875 0.288257
0 0.889721 0.619157 0.118649 0.526756
63 0.668402 0.934935 0.313268 0.128018
25 0.756193 0.613222 0.204961 0.323557
0 0.75861 0.309605 0.145709 0.471446
0 0.314319 0.254677 0.195062 0.504757
73 0.20205 0.525668 0.40371 0.734409
0 0.759921 0.185453 0.138952 0.218774
0 0.208751 0.458218 0.417502 0.91468
60 0.908843 0.903336 0.181 0.173884
