0 0.900917 0.592344 0.193897 0.198804
0 0.665461 0.361088 0.243092 0.195042
0 0.900743 0.357359 0.195609 0.207249
0 0.411565 0.355201 0.238427 0.204056
0 0.151801 0.349164 0.245141 0.210273
0 0.412098 0.125415 0.230514 0.205106
0 0.902043 0.124052 0.193077 0.21573
0 0.899399 0.820787 0.197158 0.202109
0 0.407589 0.58559 0.239271 0.202923
0 0.150117 0.118551 0.239462 0.217341
0 0.670547 0.127275 0.246103 0.20826
0 0.147438 0.818621 0.249261 0.203361
0 0.14979 0.588746 0.248393 0.195656
0 0.406796 0.817118 0.24221 0.208346
0 0.914607 0.972373 0.161536 0.0542509
0 0.652701 0.586711 0.222339 0.208529
0 0.656129 0.818126 0.230235 0.210297
0 0.670761 0.970464 0.175112 0.0584996
27 0.924707 0.675079 0.0530411 0.0353024
0 0.407541 0.970529 0.15692 0.0584071
27 0.684366 0.209728 0.0299724 0.0421711
0 0.154336 0.966861 0.197558 0.0657205
27 0.413085 0.673291 0.0424307 0.0275464
