0 0.107296 0.584589 0.0557249 0.173954
0 0.524804 0.704056 0.0747946 0.116133
0 0.896501 0.165583 0.114996 0.207158
0 0.745327 0.344015 0.112716 0.164241
0 0.247566 0.29187 0.155422 0.138482
0 0.697561 0.139205 0.126013 0.178051
0 0.635995 0.73931 0.0673236 0.104152
0 0.928299 0.648348 0.050169 0.132236
0 0.907726 0.390588 0.10495 0.142923
0 0.412155 0.0665978 0.10217 0.133196
0 0.101581 0.164226 0.184066 0.217154
0 0.569942 0.0691331 0.0867458 0.135376
0 0.474225 0.290291 0.0821164 0.145108
0 0.444614 0.726017 0.100414 0.162597
0 0.77673 0.728735 0.197208 0.130617
62 0.754165 0.301138 0.221565 0.147549
