0 0.542207 0.471699 0.16747 0.327229
0 0.962685 0.481411 0.0423679 0.122923
0 0.477921 0.840658 0.0947197 0.277359
0 0.593446 0.802985 0.122068 0.37181
0 0.912465 0.475354 0.0316999 0.128324
0 0.868331 0.4624 0.027639 0.112301
0 0.662564 0.467406 0.0359533 0.109703
0 0.733477 0.47453 0.0464747 0.117833
0 0.698209 0.4636 0.0389622 0.122205
0 0.483536 0.499326 0.0573914 0.237549
32 0.573524 0.758881 0.0355951 0.0392714
0 0.887918 0.468016 0.0233089 0.0935966
0 0.829213 0.475119 0.0374229 0.128315
0 0.299607 0.450764 0.0594693 0.152347
